3.957768509076076043e+03 1.267380588876771981e+03
1.616679991841729588e+03 2.280484187568156813e+03
2.008360187640220374e+03 2.101288985823337043e+03
1.998368345910667188e+02 1.627773173391493856e+03
3.100468488680399787e+03 1.433561613958560429e+03
4.359440546604119845e+03 1.661810250817884253e+03
3.418209055680195888e+03 1.218327153762268154e+03
4.346451152355701197e+03 2.267470010905125491e+03
2.026345502753416440e+03 1.435563794983642310e+03
4.010725270242708575e+03 1.268381679389312922e+03
4.492332041607179235e+03 1.210318429661941082e+03
6.464721599021007705e+02 1.232342420937840643e+03
6.904362635121354970e+02 1.379502726281352125e+03
2.942597389353457402e+03 1.218327153762268154e+03
4.348449520701611618e+03 2.293498364231188589e+03
3.218372221089129198e+03 1.647794983642311763e+03
2.029343055272282299e+03 1.195302071973827651e+03
8.163334693045075028e+02 1.975151581243184182e+03
4.273510707729961723e+03 1.274388222464558339e+03
4.683176218641648120e+03 2.114303162486368365e+03
3.099469304507444576e+03 3.653980370774263520e+02
7.793636549051601605e+02 1.994172300981461149e+03
3.090476646950846771e+03 2.348558342420937606e+03
3.168413012441362753e+03 2.714957470010905126e+03
2.739763002243524625e+03 1.302418756815703318e+03
2.568902508668162682e+03 2.235435114503816749e+03
4.240537630022435224e+03 1.532669574700109024e+03
4.050692637160922004e+03 2.302508178844056602e+03
3.100468488680399787e+03 1.108207197382769891e+03
1.019167856414440166e+03 1.190296619411123174e+03
2.448001223740567127e+02 1.373496183206106707e+03
2.664824189271874729e+03 1.205312977099236605e+03
8.592983887415867912e+02 1.291406761177753424e+03
1.345901080970834300e+03 1.263376226826608445e+03
4.457360595553743224e+03 2.248449291166848525e+03
3.133441566387925832e+03 1.503637949836423104e+03
7.613783397919640947e+02 1.239350054525627002e+03
2.113274525800530228e+03 2.233432933478734867e+03
4.336459310626147499e+02 2.423640130861504986e+03
2.686806241076891638e+03 2.196392584514721875e+03
1.898449928615133615e+02 1.508643402399127581e+03
2.138254130124413678e+03 2.264466739367502669e+03
4.079668978176626752e+03 1.377500545256270470e+03
2.744758923108301133e+03 2.623858233369683603e+03
4.417393228635529340e+03 2.270473282442747859e+03
4.386418519273914285e+02 1.307424209378407795e+03
5.995105037732000710e+02 2.069254089422028301e+03
9.931890679176015055e+02 2.347557251908396665e+03
2.649836426677544296e+03 2.432649945474372828e+02
1.972389557413828470e+03 1.479611777535441661e+03
1.448817050785233505e+03 1.332451472191930179e+03
3.302303691617377353e+03 1.437565976008723965e+03
1.474795839282072393e+03 2.301507088331515661e+03
5.775284519681828215e+02 2.437655398037077248e+03
1.478792575973893690e+02 1.284399127589967293e+03
2.808706710177442346e+03 2.560789531079607514e+03
1.602691413420355047e+03 1.742898582333696822e+03
1.069127065062206867e+02 2.286490730643402458e+03
2.095289210687334617e+03 1.062157033805888659e+03
7.843595757699367823e+02 1.399524536532170032e+03
3.089477462777891105e+03 2.146338058887677107e+03
4.456361411380787558e+02 2.425642311886586413e+03
8.602975729145421155e+02 2.488711014176662957e+03
2.791720579237201946e+03 2.484706652126499193e+03
9.272429125025495296e+02 1.411537622682660867e+03
2.178221497042627107e+03 2.124314067611777318e+03
2.907625943300020481e+03 2.147339149400218048e+03
2.156239445237609743e+03 1.154257360959650896e+03
7.104199469712420978e+02 1.449579062159214800e+03
5.075855598613094344e+02 1.424551799345692416e+03
4.613233326534775188e+03 2.156348964013086061e+03
4.102650214154599780e+03 1.450580152671755741e+03
1.512764837854374946e+03 2.466687022900763168e+03
7.184134203548848063e+02 1.170274809160305267e+03
3.090476646950846771e+03 2.301507088331515661e+03
4.253527024270854781e+03 1.222331515812431689e+03
3.347266979400367291e+03 1.378501635768811184e+03
2.814701815215174520e+03 1.452582333696837395e+03
4.050692637160922004e+03 2.382595419847328230e+03
3.178404854170915769e+03 2.593825517993456742e+03
4.850039975525189220e+03 6.597186477644493152e+02
3.395227819702223314e+03 2.031212649945474368e+03
2.985562308790536463e+03 1.638785169029443750e+03
2.612866612278196953e+03 2.587818974918211552e+03
4.363437283295941597e+03 2.223422028353325913e+03
1.393861921272690324e+03 1.131232279171210394e+03
2.062316132979808572e+03 1.291406761177753424e+03
4.521308382622883983e+03 1.129230098146128739e+03
1.732585355904548351e+03 2.462682660850599859e+03
2.806708341831531925e+03 2.567797164667393645e+03
3.026528859881705102e+03 1.488621592148309674e+03
1.805525800530287597e+03 2.527753544165757830e+03
3.143433408117479303e+03 1.357478735005452563e+03
4.592250458902713035e+03 1.302418756815703318e+03
2.087295737303691567e+03 1.093190839694656461e+03
1.685623699775647765e+03 1.593736095965103459e+03
6.434746073832347975e+02 1.524660850599781725e+03
1.549734652253722288e+03 1.712865866957469962e+03
3.200386905975933132e+03 2.022202835332606355e+03
3.840863960840301843e+03 1.578719738276990029e+03
1.526753416275749714e+03 2.311517993456924614e+03
4.447368753824189298e+03 2.255456924754634656e+03
3.359257189475831183e+03 1.131232279171210394e+03
2.690802977768713390e+03 1.143245365321701229e+03
4.058686110544564599e+03 1.670820065430752493e+03
2.278139914338160565e+02 2.143334787350054285e+03
2.153241892718743657e+03 1.278392584514721875e+03
1.546737099734856201e+03 1.287402399127589888e+03
4.494330409953090566e+03 1.562702290076335885e+03
1.583706914134203544e+03 2.053236641221374157e+03
8.413130736283908391e+02 1.346466739367502669e+03
1.997369161737711693e+03 1.043136314067611693e+03
1.506769732816643000e+03 1.309426390403489677e+03
4.522307566795839193e+03 1.372495092693565994e+03
4.313478074648174697e+03 1.134235550708833216e+03
9.392331225780135355e+02 1.148250817884405706e+03
1.553731388945543586e+03 2.250451472191929952e+03
5.605423210279420800e+02 2.440658669574700070e+03
4.062682847236385896e+03 1.456586695747000931e+03
7.703709973485621276e+02 1.590732824427480864e+03
4.421389965327351092e+03 2.103291166848418470e+03
3.883828880277381359e+03 2.086272628135223385e+03
3.215374668570263111e+03 2.365576881134133146e+03
2.647838058331633874e+03 2.456676117775354214e+03
3.334277585151948188e+03 2.011190839694656461e+03
2.945594941872323034e+03 2.307513631406761306e+03
4.028710585355904641e+03 1.338458015267175597e+03
1.854485825005099059e+03 1.138239912758996752e+03
1.419840709769528985e+03 1.380503816793893066e+03
2.804709973485621049e+03 1.240351145038167942e+03
4.310480522129309065e+03 1.184290076335877757e+03
3.708971650010198118e+03 2.109297709923664115e+03
2.537927799306547172e+02 1.199306434023991187e+03
1.649653069549255633e+03 1.354475463467829741e+03
4.336459310626147499e+02 1.427555070883315011e+03
1.705607383234754252e+03 1.069164667393675018e+03
1.394861105445645535e+03 2.031212649945474368e+03
3.097470936161533700e+03 2.149341330425299930e+03
1.605688965939220907e+03 1.289404580152671770e+03
4.396410361003467528e+02 1.319437295528898630e+03
2.200203548847644470e+03 1.077173391494002090e+03
4.893004894962267826e+03 5.686194111232279056e+02
2.228180705690393552e+03 2.048231188658669453e+03
6.724509483989394312e+02 2.139330425299890976e+03
1.788539669590047083e+02 2.474695747001090240e+03
1.651651437895166282e+03 2.232431842966193926e+03
3.956769324903120832e+02 2.448667393675027142e+03
1.495778706914134318e+03 2.218416575790621664e+03
4.520309198449928772e+03 1.851016357688113430e+03
1.926427085457883095e+03 2.176370774263903968e+03
4.277507444421782566e+03 2.118307524536532128e+03
1.973388741586783681e+03 2.216414394765539782e+03
1.618678360187640237e+02 2.129319520174482022e+03
7.823612074240261336e+02 2.060244274809160288e+03
1.914436875382418975e+03 1.082178844056706566e+03
1.605688965939220907e+03 1.274388222464558339e+03
4.579261064654293477e+03 1.283398037077426352e+03
2.017352845196818407e+03 1.412538713195201581e+03
3.324285743422394717e+03 2.102290076335877984e+03
4.131626555170304528e+03 1.307424209378407795e+03
4.277507444421782566e+03 2.236436205016357690e+03
4.524305935141750524e+03 2.212410032715376019e+03
2.789722210891291070e+03 1.372495092693565994e+03
1.771553538649806342e+03 1.366488549618320576e+03
3.280321639812359990e+03 2.332540894220283462e+03
7.533848664083214999e+02 2.599832061068702387e+03
4.521308382622883983e+03 2.096283533260632339e+03
3.948775851519478238e+03 2.445664122137404320e+03
1.849489904140322324e+03 2.311517993456924614e+03
2.788723026718335859e+03 2.129319520174482022e+03
1.952405873954721756e+03 1.085182115594329389e+03
3.250346114623700032e+03 1.980157033805888659e+03
7.204117887007954550e+02 1.474606324972737184e+03
4.439375280440546703e+03 2.247448200654307584e+03
4.326467468896594255e+02 2.211408942202835078e+03
3.674999388129716863e+03 1.836000000000000000e+03
2.655831531715276469e+03 2.468689203925845050e+03
5.315659800122374463e+02 1.245356597600872419e+03
1.467801550071385009e+03 2.250451472191929952e+03
2.090293289822557654e+03 1.056150490730643469e+03
2.268148072608607038e+02 1.355476553980370682e+03
5.315659800122374463e+02 2.509733914940021805e+03
2.715782582092596385e+03 2.407622682660850387e+03
4.525305119314705735e+03 2.273476553980370682e+03
2.807707526004487136e+03 2.361572519083969382e+03
5.595431368549867557e+01 2.274477644492911622e+03
4.298490312053844718e+03 2.347557251908396665e+03
2.609869059759331321e+03 1.272386041439476458e+03
4.320472363858862082e+03 1.177282442748091626e+03
4.434379359575769740e+03 2.045227917121046858e+03
1.546737099734856201e+03 1.633779716466739274e+03
4.386418519273914285e+02 1.165269356597600790e+03
3.414212318988374591e+03 2.209406761177753651e+03
8.493065470120335476e+02 1.187293347873500579e+03
4.019717927799306835e+03 1.276390403489639993e+03
3.334277585151948188e+03 2.277480916030534445e+03
2.698796451152355985e+03 2.241441657579061939e+03
1.476794207627983042e+03 2.350560523446019488e+03
3.213376300224352690e+03 2.108296619411123174e+03
9.372347542321028868e+02 1.231341330425299930e+03
2.943596573526412612e+03 2.326534351145038272e+03
2.862662655517030544e+03 2.638874591057797261e+03
6.984297368957780918e+02 1.558697928026172349e+03
2.757748317356720690e+03 2.125315158124318259e+03
4.547287171119723098e+03 2.119308615049073069e+03
1.602691413420355047e+03 2.271474372955288800e+03
3.009542728941464702e+03 1.821984732824427510e+03
1.069127065062206867e+02 2.074259541984732550e+03
1.623674281052416973e+03 2.414630316248636973e+03
2.101284315725066335e+03 1.099197382769901878e+03
1.946410768916989809e+03 2.104292257360959411e+03
3.337275137670813820e+03 1.108207197382769891e+03
2.570900877014073103e+03 2.248449291166848525e+03
3.232360799510503966e+03 1.526663031624863606e+03
3.012540281460330789e+03 1.508643402399127581e+03
3.095472567815623279e+03 2.496719738276990029e+03
2.698796451152355985e+03 1.378501635768811184e+03
4.616230879053640820e+03 1.981158124318429600e+03
1.626671833571283059e+03 1.154257360959650896e+03
3.285317560677136498e+03 2.215413304252998842e+03
2.032340607791148386e+03 1.414540894220283462e+03
2.743759738935345922e+03 2.095282442748091398e+03
3.166414644095451877e+03 1.423550708833151475e+03
1.003180909647154863e+03 1.190296619411123174e+03
4.816067713644707737e+02 1.699851690294438413e+03
4.291496022843157334e+03 2.276479825517993504e+03
5.395594533958801264e+01 2.341550708833151475e+03
5.425570059147461279e+02 2.070255179934569242e+03
2.158237813583520619e+03 2.120309705561614010e+03
4.023714664491128133e+03 1.345465648854961728e+03
3.312295533346930824e+03 1.270383860414394803e+03
1.616679991841729588e+03 2.376588876772082585e+03
3.246349377931878735e+03 1.227336968375136166e+03
3.096471751988578490e+03 2.320527808069792627e+03
3.002548439730777318e+03 2.110298800436205056e+03
3.259338772180297838e+03 1.975151581243184182e+03
9.452282276157454817e+02 2.507731733914939923e+03
7.923530491535794908e+02 2.662900763358778477e+03
1.802528248011421738e+03 2.550778625954198560e+03
3.079485621048338089e+03 2.460680479825517978e+03
2.722776871303283770e+03 2.297502726281352352e+03
1.476794207627983042e+03 1.202309705561614010e+03
3.142434223944524092e+03 2.403618320610687078e+03
5.575447685090761070e+02 2.079264994547437254e+03
4.856035080562920712e+02 2.477699018538713062e+03
1.604689781766265696e+03 2.531757906215921594e+03
2.987560677136447339e+03 2.359570338058887501e+03
2.871655313073628349e+03 2.173367502726281145e+03
5.375610850499693925e+02 2.524750272628135008e+03
2.724775239649194646e+03 2.218416575790621664e+03
8.652934937793188510e+02 1.202309705561614010e+03
1.822511931470528452e+03 1.396521264994547437e+03
6.584623699775647765e+02 1.156259541984732778e+03
2.826692025290638412e+03 2.020200654307524474e+03
4.119636345094840181e+03 1.947121046892039203e+03
8.513049153579441963e+02 2.514739367502726054e+03
2.642842137466857366e+03 1.538676117775354442e+03
2.171227207831939722e+03 1.090187568157033866e+03
1.843494799102590378e+03 2.318525627044710745e+03
2.866659392208851841e+03 1.087184296619411043e+03
4.116638792575974549e+03 2.124314067611777318e+03
2.992556598001223847e+03 2.157350054525627002e+03
3.290313481541913461e+03 2.331539803707742522e+03
3.240354272894146561e+03 1.525661941112322666e+03
4.676181929430960622e+02 2.238438386041439571e+03
2.218188863960840536e+03 2.423640130861504986e+03
9.202486232918621454e+02 2.512737186477644173e+03
8.303220477258821575e+02 1.356477644492911622e+03
3.706973281664287470e+02 1.317435114503816749e+03
2.188213338772180578e+03 1.073169029443838554e+03
4.328465837242504676e+03 2.207404580152671770e+03
4.076671425657760665e+03 2.157350054525627002e+03
2.178221497042626993e+02 1.999177753544165625e+03
1.930423822149704392e+03 1.353474372955289027e+03
2.903629206608199183e+03 1.942115594329334726e+03
2.612866612278196953e+03 2.429646673936750176e+03
1.659644911278808877e+03 2.107295528898582234e+03
4.159603712013053155e+03 2.221419847328244032e+03
1.850489088313277762e+03 1.342462377317339133e+03
4.514314093412196598e+03 2.344553980370774298e+03
3.006545176422598615e+03 2.684924754634678266e+03
1.650652253722211071e+03 2.075260632497273491e+03
4.086663267387314136e+03 1.605749182115594294e+03
4.050692637160922004e+03 1.437565976008723965e+03
9.242453599836835565e+02 2.535762268266084902e+03
2.848674077095655775e+03 1.108207197382769891e+03
4.209562920660820055e+03 2.444663031624863379e+03
4.196573526412400668e+01 1.222331515812431689e+03
3.587071180909647410e+02 2.604837513631406637e+03
2.781728737507648475e+03 2.617851690294438413e+03
4.248531103406077818e+03 1.971147219193020646e+03
1.957401794819498264e+03 2.361572519083969382e+03
8.792820722006935057e+02 2.576806979280261658e+03
3.151426881501121898e+03 1.487620501635768733e+03
3.860847644299408785e+03 6.527110141766629567e+02
7.353995512951254341e+02 1.472604143947655302e+03
4.404403834387109782e+03 1.472604143947655302e+03
9.312396491943708270e+02 1.237347873500545120e+03
2.895635733224556589e+03 1.269382769901853862e+03
4.098653477462778028e+03 1.368490730643402230e+03
4.079668978176626752e+03 2.176370774263903968e+03
2.238172547419947023e+03 1.382505997818974947e+03
2.136255761778503256e+03 2.308514721919301792e+03
2.977568835406893868e+03 1.279393675027262816e+03
2.694799714460534688e+03 2.342551799345692416e+03
1.511765653681419735e+03 2.476697928026172121e+03
2.056321027942076398e+03 1.093190839694656461e+03
4.024713848664083343e+03 1.094191930207197402e+03
6.184950030593514612e+02 1.332451472191930179e+03
2.083299000611870269e+03 2.162355507088331251e+03
2.762744238221497199e+03 1.161264994547437254e+03
2.750754028146033306e+03 2.588820065430752493e+03
4.566271670405873920e+03 1.236346782988004406e+03
4.279505812767693897e+03 1.095193020719738342e+03
4.025713032837038554e+03 1.103201744820065414e+03
9.162518866000408480e+02 2.595827699018538624e+03
4.223551499082194823e+03 1.363485278080697981e+03
1.084114827656536818e+03 1.020111232279171190e+03
5.045880073424434045e+02 2.477699018538713062e+03
2.727772792168060732e+03 1.326444929116684762e+03
3.417209871507240564e+02 1.267380588876771981e+03
3.949775035692433448e+03 2.514739367502726054e+03
9.742045686314502291e+02 1.349470010905125264e+03
7.164150520089741576e+02 1.413539803707742522e+03
2.214192127269019238e+03 2.051234460196292275e+03
1.878466245156027071e+03 1.083179934569247507e+03
4.496328778299000817e+01 2.233432933478734867e+03
8.183318376504181515e+02 1.496630316248636746e+03
4.935969814399347797e+02 1.207315158124318486e+03
1.688621252294513624e+03 1.586728462377317328e+03
2.642842137466857366e+03 2.301507088331515661e+03
4.143616765245767965e+03 1.056150490730643469e+03
4.520309198449928772e+03 2.356567066521264678e+03
3.914803589638996527e+03 1.136237731733914870e+03
2.555913114419743124e+03 1.330449291166848298e+03
2.598878033856822640e+03 2.227426390403489677e+03
2.881647154803181820e+03 2.081267175572519136e+03
3.331280032633082101e+03 1.561701199563794944e+03
2.572899245359983979e+03 2.295500545256270470e+03
2.984563124617581252e+03 1.599742639040348877e+03
1.472797470936161517e+03 1.118218102508178845e+03
3.154424434019987984e+03 1.395520174482006496e+03
4.177589027126249675e+03 2.119308615049073069e+03
4.356442994085253986e+02 1.237347873500545120e+03
4.170594737915562291e+03 1.111210468920392486e+03
2.639844584947991279e+03 2.136327153762268154e+03
2.961581888639608678e+03 1.229339149400218048e+03
1.594697940036712225e+03 1.186292257360959638e+03
3.883828880277381359e+03 2.023203925845147069e+03
1.886459718539669666e+03 1.343463467829880074e+03
2.237173363246991812e+03 2.176370774263903968e+03
4.579261064654293477e+03 2.018198473282442592e+03
2.741761370589435046e+03 2.421637949836423104e+03
1.556728941464409672e+03 1.198305343511450246e+03
3.831871303283704037e+03 1.335454743729552774e+03
6.244901080970834073e+02 1.225334787350054512e+03
4.381422598409137208e+03 3.213500545256270584e+02
9.612151743830308988e+02 2.281485278080697753e+03
3.386235162145625509e+03 1.441570338058887728e+03
2.098286763206200249e+03 1.263376226826608445e+03
4.057686926371609388e+03 1.429557251908396893e+03
4.088661635733224557e+03 1.509644492911668522e+03
9.642127269018968718e+02 2.332540894220283462e+03
7.493881297165000888e+02 2.616850599781897472e+03
1.882462981847848368e+03 1.346466739367502669e+03
1.398857842137466889e+02 1.155258451472191837e+03
4.714150928003263289e+03 1.362484187568157040e+03
3.218372221089129198e+03 1.192298800436205056e+03
6.404770548643688244e+02 1.145247546346782883e+03
2.668820925963696027e+03 1.259371864776444909e+03
2.886643075667958328e+03 2.076261723009814432e+03
2.726773607995105067e+03 1.339459105779716310e+03
1.944412400571078933e+03 1.087184296619411043e+03
4.538294513563125292e+03 2.037219193020719558e+03
2.800713236793799751e+03 1.428556161395855952e+03
4.189579237201713113e+03 1.117217011995637904e+03
4.471349173975117083e+03 1.096194111232279056e+03
2.555913114419743124e+03 1.420547437295528880e+03
3.852854170915766190e+03 1.383507088331515661e+03
3.213376300224352690e+03 2.076261723009814432e+03
6.035072404650214821e+02 2.587818974918211552e+03
3.927792983887416085e+03 1.332451472191930179e+03
1.577711809096471598e+03 1.131232279171210394e+03
9.692086477666735789e+01 2.274477644492911622e+03
4.524305935141750524e+03 2.291496183206106707e+03
8.752853355088722083e+02 2.242442748091602880e+03
4.043698347950234620e+03 2.508732824427480864e+03
4.678180297776871157e+03 2.128318429661941082e+03
3.925794615541505209e+03 2.062246455834242170e+03
4.064681215582296772e+03 1.646793893129770822e+03
2.449000407913522395e+03 1.836000000000000000e+03
4.177589027126249675e+03 2.268471101417666432e+03
4.059685294717520264e+03 2.389603053435114361e+03
3.299306139098511267e+03 1.445574700109051264e+03
2.753751580664899393e+03 1.290405670665212710e+03
3.106463593718131960e+03 2.492715376226826720e+03
3.468168264327962788e+03 2.281485278080697753e+03
4.546287986946767887e+03 2.130320610687022963e+03
3.400223740566999822e+03 2.250451472191929952e+03
1.621675912706506324e+03 1.668817884405670611e+03
4.185582500509892270e+03 1.173278080697928090e+03
4.064681215582296772e+03 1.975151581243184182e+03
1.888458086885580315e+03 1.063158124318429600e+03
1.522756679583928189e+03 1.542680479825517978e+03
1.745574750152967681e+03 2.363574700109051264e+03
8.742861513359168839e+02 1.209317339149400141e+03
5.145798490719968186e+02 1.353474372955289027e+03
4.591251274729757824e+03 2.018198473282442592e+03
1.749571486844788978e+03 9.590447110141766416e+02
5.445553742606567766e+02 2.213411123227916960e+03
3.216373852743218777e+03 1.414540894220283462e+03
4.506320620028554004e+03 2.101288985823337043e+03
4.185582500509892270e+03 1.205312977099236605e+03
3.026528859881705102e+03 2.633869138495092557e+03
1.529750968794615574e+03 1.285400218102508234e+03
2.167230471140118425e+03 1.077173391494002090e+03
1.626671833571283059e+03 2.325533260632497331e+03
4.416394044462574129e+03 2.034215921483096963e+03
3.212377116051397479e+03 1.507642311886586640e+03
4.216557209871507439e+03 2.209406761177753651e+03
5.635398735468080531e+02 1.554693565976008585e+03
1.447817866612278294e+03 1.229339149400218048e+03
2.803710789312665838e+03 1.370492911668484112e+03
9.632135427289415475e+02 2.340549618320610534e+03
1.348898633489700387e+02 2.004183206106870102e+03
4.398408729349378518e+03 1.888056706652126422e+03
3.323286559249439506e+03 2.014194111232279056e+03
2.848674077095655775e+03 1.562702290076335885e+03
4.072674688965939367e+03 2.421637949836423104e+03
4.231544972465837418e+03 1.528665212649945488e+03
3.004546808076687739e+03 2.377589967284623526e+03
1.842495614929634939e+03 1.177282442748091626e+03
1.538743626351213720e+02 2.388601962922573421e+03
2.734767081378747662e+03 1.163267175572519136e+03
1.834502141545992345e+03 1.639786259541984691e+03
3.241353457067101772e+03 2.099286804798255162e+03
4.337458494799102482e+03 1.473605234460196243e+03
2.026345502753416440e+03 1.162266085059978195e+03
2.987560677136447339e+03 1.226335877862595453e+03
1.702609830715888393e+03 1.061155943293347718e+03
1.818515194778706928e+03 2.312519083969465555e+03
1.730586987558637702e+03 1.078174482006543030e+03
1.137071588823169577e+03 2.104292257360959411e+03
1.876467876810116422e+03 1.068163576881134077e+03
4.282503365286559529e+03 2.052235550708833216e+03
4.496328778299000817e+01 2.294499454743729530e+03
6.584623699775647765e+02 1.215323882224645558e+03
9.142535182541301992e+02 1.334453653217011833e+03
4.266516418519274339e+03 2.236436205016357690e+03
1.470799102590250868e+03 2.391605234460196243e+03
3.185399143381603153e+03 2.486708833151581075e+03
1.059135223332653482e+02 2.026207197382769891e+03
3.357258821129920761e+03 2.027208287895310605e+03
4.706157454619620921e+02 1.301417666303162378e+03
3.386235162145625509e+03 1.181286804798255162e+03
1.809522537222109122e+03 1.025116684841875667e+03
9.392331225780135640e+01 2.404619411123228019e+03
4.315476442994085119e+03 2.141332606324972858e+03
2.752752396491943728e+03 2.293498364231188589e+03
3.478160106057515804e+03 2.284488549618320576e+03
3.034522333265347697e+03 2.374586695747001158e+03
3.295309402406689969e+03 1.432560523446019488e+03
2.653833163369366048e+03 1.289404580152671770e+03
2.593882112992045677e+03 1.122222464558342381e+03
1.694616357332245570e+03 1.407533260632497104e+03
4.591251274729757824e+03 1.095193020719738342e+03
1.615680807668774378e+03 1.127227917121046858e+03
1.954404242300632404e+03 2.266468920392584550e+03
7.933522333265348152e+02 1.212320610687022963e+03
4.303486232918621681e+03 1.484617230098146138e+03
9.642127269018968718e+02 2.148340239912758989e+03
5.035888231694880801e+02 1.439568157033805846e+03
4.183584132163981849e+03 1.165269356597600790e+03
9.742045686314502291e+02 1.391515812431842960e+03
9.152527024270855236e+02 1.135236641221373930e+03
4.462356516418519277e+03 2.075260632497273491e+03
2.448001223740567127e+02 1.151254089422028301e+03
2.908625127472975691e+03 2.312519083969465555e+03
5.885194778706913894e+02 2.572802617230097894e+03
1.738580460942280297e+03 1.080176663031624912e+03
8.972673873138894578e+02 2.328536532170119699e+03
4.654199877625943373e+03 2.068252998909487360e+03
3.840863960840301843e+03 1.334453653217011833e+03
4.088661635733224557e+03 1.300416575790621437e+03
3.360256373648786848e+03 2.039221374045801440e+03
1.955403426473587615e+03 2.321528898582333568e+03
3.033523149092392487e+03 1.505640130861504758e+03
1.590701203344890928e+03 1.164268266085059850e+03
4.043698347950234620e+03 1.151254089422028301e+03
3.939783193962879977e+03 1.269382769901853862e+03
5.795268203140934702e+02 1.419546346782987939e+03
3.323286559249439506e+03 1.397522355507088378e+03
4.442372832959413245e+03 1.465596510359869171e+03
6.065047929838874552e+02 1.173278080697928090e+03
3.408217213950642872e+03 1.410536532170119926e+03
3.983747297572914704e+03 2.224423118865866854e+03
1.845493167448501026e+03 1.075171210468920435e+03
5.605423210279420800e+02 1.977153762268266064e+03
9.072592290434428151e+02 2.523749182115594067e+03
4.039701611258413323e+03 2.189384950926935744e+03
3.145431776463389724e+03 2.671910577971646489e+03
1.949408321435855669e+03 1.094191930207197402e+03
2.543922904344279232e+03 1.129230098146128739e+03
1.466802365898429571e+03 2.142333696837513344e+03
1.034155619008770145e+03 1.166270447110141731e+03
1.894453191923312261e+03 2.144335877862595225e+03
5.545472159902101339e+02 2.214412213740457901e+03
1.715599224964307723e+03 1.063158124318429600e+03
2.547919641036100529e+03 2.366577971646673632e+03
4.650203140934122530e+03 2.231430752453652985e+03
4.311479706302264276e+03 1.471603053435114361e+03
3.965761982459718638e+03 2.375587786259542099e+03
1.022165408933306139e+03 2.249450381679389011e+03
1.652650622068121720e+03 2.083269356597600563e+03
5.615415052008974044e+02 1.403528898582333568e+03
1.550733836426677726e+03 1.397522355507088378e+03
2.663825005098919064e+03 2.176370774263903968e+03
6.764476850907608423e+02 2.164357688113413133e+03
1.770554354476850904e+03 1.204311886586695664e+03
1.862479298388741654e+03 2.410625954198473210e+03
4.128629002651437986e+03 1.463594329334787290e+03
9.062600448704874907e+02 1.143245365321701229e+03
1.860480930042831005e+03 2.125315158124318259e+03
2.904628390781154394e+03 1.294410032715376246e+03
4.022715480318172922e+03 1.331450381679389238e+03
9.682094635937181692e+02 2.281485278080697753e+03
4.034705690393636814e+03 2.198394765539803757e+03
3.250346114623700032e+03 2.024205016357688010e+03
1.651651437895166282e+03 2.034215921483096963e+03
3.046512543340812044e+03 1.209317339149400141e+03
3.004546808076687739e+03 2.615849509269356531e+03
6.085031613297981039e+02 1.253365321701199491e+03
7.873571282888028691e+02 2.304510359869138483e+03
3.023531307362839470e+03 2.455675027262813273e+03
5.255708749745053865e+02 1.562702290076335885e+03
4.552283091984499151e+03 2.141332606324972858e+03
3.311296349173975159e+03 1.237347873500545120e+03
4.144615949418723176e+03 1.593736095965103459e+03
2.731769528859882030e+03 2.306512540894220365e+03
4.206565368141954423e+03 2.054237731733914643e+03
4.150611054456455349e+03 2.220418756815703091e+03
1.248980216194166957e+02 2.350560523446019488e+03
6.634582908423415120e+02 1.373496183206106707e+03
4.392413624311646345e+03 1.166270447110141731e+03
2.068311238017540290e+03 2.171365321701199264e+03
2.834685498674281007e+03 2.310516902944383673e+03
1.968392820722006945e+03 1.497631406761177686e+03
2.736765449724658538e+03 1.295411123227916960e+03
1.738580460942280297e+02 1.261374045801526563e+03
2.612866612278196953e+03 2.294499454743729530e+03
8.842779930654701275e+02 1.324442748091603107e+03
1.711602488272486426e+03 1.575716466739367434e+03
1.393861921272690324e+03 1.907077426390403389e+03
2.076304711401182885e+03 1.282396946564885411e+03
1.839498062410769080e+03 1.589731733914939923e+03
2.962581072812563889e+03 1.390514721919302019e+03
4.517311645931063140e+03 2.363574700109051264e+03
1.550733836426677726e+03 2.103291166848418470e+03
3.125448093004283237e+03 4.484885496183205760e+02
3.497144605343667081e+02 2.599832061068702387e+03
4.413396491943708497e+03 2.001179934569247507e+03
4.034705690393636814e+03 1.253365321701199491e+03
2.076304711401182885e+03 1.043136314067611693e+03
3.249346930450744821e+03 1.222331515812431689e+03
4.529301856006526577e+03 2.281485278080697753e+03
2.040334081174790981e+03 1.381504907306434006e+03
7.334011829492147854e+02 2.323531079607415450e+03
1.635664491127881092e+03 1.153256270447110182e+03
4.160602896186008365e+03 2.360571428571428442e+03
3.066496226799918531e+03 1.187293347873500579e+03
1.394861105445645535e+03 2.190386041439476685e+03
4.457360595553743224e+03 2.007186477644492925e+03
7.334011829492147854e+02 1.651799345692475299e+03
4.191577605547624444e+03 2.040222464558342381e+03
2.705790740363043369e+03 1.388512540894220137e+03
8.003465225372221994e+02 1.170274809160305267e+03
4.490333673261268814e+03 2.178372955288985850e+03
2.664824189271874729e+03 2.150342420937840870e+03
2.667821741790740475e+02 2.300505997818974720e+03
1.525754232102794276e+03 1.536673936750272560e+03
4.732136243116459809e+03 2.188383860414394803e+03
3.156422802365898406e+03 1.407533260632497104e+03
4.486336936569447971e+03 2.139330425299890976e+03
2.088294921476646948e+02 2.275478735005452563e+03
6.075039771568427796e+02 1.456586695747000931e+03
4.111642871711197586e+03 1.235345692475463466e+03
2.048327554558433690e+02 2.347557251908396665e+03
1.468800734244340219e+03 1.308425299890948736e+03
8.093391800938201186e+01 2.224423118865866854e+03
3.816883540689374286e+02 2.293498364231188589e+03
2.703792372017132493e+03 1.232342420937840643e+03
3.039518254130124660e+03 1.513648854961832058e+03
1.126080562920660896e+03 2.028209378407851545e+03
2.674816031001427746e+03 2.113302071973827424e+03
2.010358555986131023e+03 2.051234460196292275e+03
5.845227411788700920e+02 1.389513631406761078e+03
1.845493167448501026e+03 2.408623773173391328e+03
3.403221293085865909e+03 1.444573609596510323e+03
4.516312461758107588e+02 2.553781897491820928e+03
3.254342851315521330e+03 2.440658669574700070e+03
3.286316744850092164e+03 1.437565976008723965e+03
1.012173567203752896e+03 2.020200654307524474e+03
7.553832347542321486e+02 2.001179934569247507e+03
2.626855190699571722e+03 1.237347873500545120e+03
8.992657556598002202e+02 2.196392584514721875e+03
5.255708749745053865e+02 2.086272628135223385e+03
2.747756475627166992e+02 2.042224645583424035e+03
4.388416887619824593e+03 1.583725190839694505e+03
9.492249643075668928e+02 2.054237731733914643e+03
3.236357536202325264e+03 2.127317339149400141e+03
1.993372425045890395e+03 1.463594329334787290e+03
3.895819090352845251e+03 2.158351145038167942e+03
2.745758107281256343e+03 2.053236641221374157e+03
5.335643483581480950e+02 1.547685932388222454e+03
1.989375688354069098e+03 1.352473282442748086e+03
1.668637568835407023e+02 2.158351145038167942e+03
2.890639812359780080e+03 2.270473282442747859e+03
4.384420150928003750e+03 2.180375136314067731e+03
3.946777483173567362e+03 2.224423118865866854e+03
4.216557209871507439e+02 1.205312977099236605e+03
1.440823577401590910e+03 2.100287895310796102e+03
4.569269222924740461e+03 2.284488549618320576e+03
2.834685498674281007e+03 2.045227917121046858e+03
3.567087497450540923e+02 1.595738276990185341e+03
2.288131756067713809e+02 1.417544165757906057e+03
4.485337752396491851e+03 1.444573609596510323e+03
4.281504181113604318e+03 1.966141766630316170e+03
4.230545788292882207e+03 2.128318429661941082e+03
2.025346318580461002e+03 1.553692475463467872e+03
3.119452987966551063e+03 1.453583424209378336e+03
2.825692841117683201e+03 2.311517993456924614e+03
3.223368141953906161e+03 1.229339149400218048e+03
7.733685498674281007e+02 1.628774263904034797e+03
2.690802977768713390e+03 2.207404580152671770e+03
8.902730981032021873e+02 1.282396946564885411e+03
3.864844380991230082e+03 2.372584514721919277e+03
2.517944115847440401e+02 2.304510359869138483e+03
2.880647970630226610e+03 2.048231188658669453e+03
1.869473587599429038e+03 2.241441657579061939e+03
1.537744442178258396e+03 1.291406761177753424e+03
2.638845400775035614e+03 2.308514721919301792e+03
4.249530287579033029e+03 2.308514721919301792e+03
3.186398327554558819e+03 2.361572519083969382e+03
3.141435039771568427e+03 2.460680479825517978e+03
1.995370793391801044e+03 2.142333696837513344e+03
4.360439730777075056e+03 2.205402399127589888e+03
1.898449928615133786e+03 2.471692475463467872e+03
2.900631654089333097e+03 2.074259541984732550e+03
4.254526208443809992e+03 1.058152671755725123e+03
2.202201917193554891e+03 2.130320610687022963e+03
1.938417295533347158e+02 1.200307524536532128e+03
2.825692841117683201e+03 1.444573609596510323e+03
3.472165001019784086e+03 1.167271537622682672e+03
2.898633285743422675e+03 1.159262813522355373e+03
7.054240261064654760e+02 1.459589967284623754e+03
3.272328166428717395e+03 1.122222464558342381e+03
4.408400571078931534e+03 2.037219193020719558e+03
3.086479910259025473e+03 2.464684841875681286e+03
1.445819498266367646e+03 2.374586695747001158e+03
3.923796247195594788e+03 2.007186477644492925e+03
1.615680807668774378e+03 1.108207197382769891e+03
2.708788292881909001e+03 1.357478735005452563e+03
3.955770140730165622e+03 1.262375136314067504e+03
3.010541913114419913e+03 1.503637949836423104e+03
5.175774015908627916e+02 2.487709923664122016e+03
9.122551499082195505e+02 1.274388222464558339e+03
3.982748113399959493e+03 2.265467829880043610e+03
4.177589027126249675e+03 2.277480916030534445e+03
3.249346930450744821e+03 2.445664122137404320e+03
6.964313685498674431e+02 1.452582333696837395e+03
4.513314909239241388e+03 1.904074154852780794e+03
3.865843565164185293e+03 1.246357688113413360e+03
3.203384458494799219e+03 2.557786259541984691e+03
3.233359983683459177e+03 2.572802617230097894e+03
1.958400978992453702e+03 2.255456924754634656e+03
3.331280032633082101e+03 1.945118865866957321e+03
1.549734652253722288e+03 1.208316248636859200e+03
2.028343871099326918e+02 2.336545256270447226e+03
4.706157454619620921e+02 2.717960741548527494e+03
4.342454415663879445e+03 1.116215921483096963e+03
4.213559657352641807e+03 2.359570338058887501e+03
2.108278604935753719e+02 2.381594329334787290e+03
1.858482561696920357e+02 1.272386041439476458e+03
2.610868243932286532e+03 1.281395856052344470e+03
7.274060779114828392e+02 1.662811341330425194e+03
1.586704466653069630e+03 1.340460196292257251e+03
3.346267795227412080e+03 2.034215921483096963e+03
2.554913930246787913e+03 2.262464558342420787e+03
1.536745258005302958e+03 2.257459105779716538e+03
4.146614317764634507e+03 1.584726281352235446e+03
4.128629002651437986e+03 1.988165757906215731e+03
2.763743422394452409e+03 2.050233369683751334e+03
1.428833367326127018e+03 1.411537622682660867e+03
4.396410361003467671e+01 1.317435114503816749e+03
3.314293901692841246e+03 2.259461286804797965e+03
4.604240668978176473e+03 2.031212649945474368e+03
8.862763614113808899e+02 2.468689203925845050e+03
2.743759738935345922e+03 1.235345692475463466e+03
3.023531307362839470e+03 2.382595419847328230e+03
3.192393432592290537e+03 2.538765539803707725e+03
5.375610850499693925e+02 1.423550708833151475e+03
3.855851723434632277e+03 1.411537622682660867e+03
8.662926779522741754e+02 2.617851690294438413e+03
4.709155007138487235e+03 1.161264994547437254e+03
2.671818478482561659e+03 2.028209378407851545e+03
3.224367326126861371e+03 2.420636859323882163e+03
1.532748521313481660e+03 2.066250817884405478e+03
4.359440546604119845e+03 2.284488549618320576e+03
4.183584132163981849e+03 1.108207197382769891e+03
1.388866000407913589e+03 1.245356597600872419e+03
1.975387109932694329e+03 1.602745910577971472e+03
1.613682439322863729e+03 1.138239912758996752e+03
2.794718131756068033e+03 1.134235550708833216e+03
1.816516826432796279e+03 1.143245365321701229e+03
5.215741382826840891e+02 1.554693565976008585e+03
4.596247195594534105e+02 2.717960741548527494e+03
2.912621864164797444e+03 2.261463467829879846e+03
4.324469100550683834e+03 3.363664122137404320e+02
3.963763614113808217e+03 1.316434023991275808e+03
2.804709973485621049e+03 1.587729552889858269e+03
2.992556598001223847e+03 1.500634678298800281e+03
4.315476442994085119e+03 2.152344601962922297e+03
3.097470936161533700e+03 1.976152671755725123e+03
2.623857638180705635e+03 1.141243184296619347e+03
4.114640424230063218e+03 1.472604143947655302e+03
1.831504589027126258e+03 1.129230098146128739e+03
4.557279012849276114e+03 1.238348964013086061e+03
4.162601264531919696e+03 1.278392584514721875e+03
4.672185192739139893e+03 1.260372955288985850e+03
3.788906383846624522e+03 1.103201744820065414e+03
4.081667346522537628e+03 1.673823336968375088e+03
7.893554966347134894e+01 2.216414394765539782e+03
3.131443198042015410e+03 1.525661941112322666e+03
1.584706098307158982e+03 1.330449291166848298e+03
7.673734448296961546e+02 2.327535441657578758e+03
3.975753824189272109e+03 1.985162486368593136e+03
5.435561900877014523e+02 1.572713195201744838e+03
5.745308994493167347e+02 2.400615049073064256e+03
2.812703446869264098e+03 2.550778625954198560e+03
1.885460534366714455e+03 1.160263904034896314e+03
4.214558841525597018e+03 1.482615049073064256e+03
1.330913318376504321e+03 2.201398037077426125e+03
1.768555986130940255e+03 1.374497273718647648e+03
4.013722822761574662e+03 2.211408942202835078e+03
1.808523353049153570e+02 2.174368593238822086e+03
1.879465429328982282e+03 1.583725190839694505e+03
3.347266979400367291e+03 2.069254089422028301e+03
3.944779114827656940e+03 2.072257360959651123e+03
4.286500101978380712e+02 1.506641221374045699e+03
4.585256169692025651e+03 2.102290076335877984e+03
4.508318988374464425e+03 2.276479825517993504e+03
1.802528248011421738e+03 2.315522355507088378e+03
3.364253110340608146e+03 2.046229007633587798e+03
4.067678768101162859e+03 1.517653217011995594e+03
4.216557209871507439e+03 2.311517993456924614e+03
4.226549051601060683e+02 2.211408942202835078e+03
7.703709973485621276e+02 2.538765539803707725e+03
1.859481745869875795e+03 2.139330425299890976e+03
3.270329798082806519e+03 2.210407851690294137e+03
3.000550071384866442e+03 2.012191930207197402e+03
1.030158882316948848e+03 1.155258451472191837e+03
1.555729757291454234e+03 2.148340239912758989e+03
3.408217213950642872e+03 1.090187568157033866e+03
4.036704058739547236e+03 1.387511450381679424e+03
3.990741586783602088e+03 2.128318429661941082e+03
1.380872527024270994e+03 2.143334787350054285e+03
1.567719967366918354e+03 2.154346782988004179e+03
2.782727921680603686e+03 1.363485278080697981e+03
4.395411176830511977e+03 1.478610687022900720e+03
3.213376300224352690e+03 1.202309705561614010e+03
1.602691413420355047e+03 1.075171210468920435e+03
9.871939628798695594e+02 2.341550708833151475e+03
4.310480522129309065e+03 2.339548527808069593e+03
1.888458086885580315e+03 1.071166848418756672e+03
5.035888231694880801e+02 2.581812431842965907e+03
3.367250662859473778e+03 2.081267175572519136e+03
2.785725474199469772e+03 1.230340239912758989e+03
3.004546808076687739e+03 1.621766630316248666e+03
2.780729553334693264e+03 2.603836423118865696e+03
7.773652865592495118e+02 1.475607415485278125e+03
5.355627167040587437e+02 2.301507088331515661e+03
2.887642259840913994e+03 2.374586695747001158e+03
1.676631042219049732e+03 2.048231188658669453e+03
3.597063022639200653e+02 1.326444929116684762e+03
7.044248419335101516e+02 1.445574700109051264e+03
1.770554354476850904e+03 1.650798255179934586e+03
4.511316540893330966e+03 1.376499454743729530e+03
7.773652865592495118e+02 1.347467829880043610e+03
1.834502141545992345e+03 2.306512540894220365e+03
5.965129512543340979e+02 2.392606324972737184e+03
4.159603712013053155e+03 2.141332606324972858e+03
4.027711401182949430e+03 1.386510359869138483e+03
1.515762390373241033e+03 1.200307524536532128e+03
1.778547827860493726e+03 1.525661941112322666e+03
4.459358963899653645e+03 2.183378407851690099e+03
1.737581276769325086e+03 2.530756815703380653e+03
4.366434835814807229e+02 1.232342420937840643e+03
1.829506220681215609e+03 1.097195201744819997e+03
9.472265959616561304e+02 1.347467829880043610e+03
1.636663675300836303e+03 2.326534351145038272e+03
5.825243728329594433e+02 1.551690294438385990e+03
4.091659188252090644e+03 1.122222464558342381e+03
2.148245971853966978e+02 2.096283533260632339e+03
4.439375280440546703e+03 1.052146128680479706e+03
9.222469916377727941e+02 2.248449291166848525e+03
2.792719763410157157e+03 1.144246455834241942e+03
2.102283499898021546e+03 1.276390403489639993e+03
4.438376096267591493e+03 2.110298800436205056e+03
3.157421986538854071e+03 1.041134133042530038e+03
4.561275749541097866e+03 2.073258451472192064e+03
4.078669794003671541e+03 2.040222464558342381e+03
3.259338772180297838e+03 2.103291166848418470e+03
3.174408117479094471e+03 2.351561613958560429e+03
4.202568631450132671e+03 2.297502726281352352e+03
2.819697736079951028e+03 2.364575790621592205e+03
3.454179685906588020e+03 1.971147219193020646e+03
2.865660208035896630e+03 2.270473282442747859e+03
3.213376300224352690e+03 1.229339149400218048e+03
1.883462166020803807e+03 1.236346782988004406e+03
4.498327146644911409e+03 2.164357688113413133e+03
2.035338160310014473e+03 2.468689203925845050e+03
3.106463593718131960e+03 2.156348964013086061e+03
8.473081786661227852e+02 1.444573609596510323e+03
5.545472159902101339e+02 1.199306434023991187e+03
3.305301244136243440e+03 1.241352235550708883e+03
4.387417703446869382e+03 2.171365321701199264e+03
2.088294921476646948e+02 2.343552889858233357e+03
1.811520905568019771e+03 1.249360959651035955e+03
3.928792168060371296e+03 1.338458015267175597e+03
4.423388333673261513e+03 2.047230098146128512e+03
4.383420966755048539e+03 2.103291166848418470e+03
1.803527432184376948e+03 1.383507088331515661e+03
3.944779114827656940e+03 2.142333696837513344e+03
3.160419539057720158e+03 1.726881134133042451e+03
4.207564552314909633e+03 2.348558342420937606e+03
6.214925555782174342e+02 1.979155943293347718e+03
3.289314297368957796e+03 2.109297709923664115e+03
4.098653477462778028e+03 1.240351145038167942e+03
5.695349785845401129e+02 2.301507088331515661e+03
2.023347950234550353e+03 1.206314067611777546e+03
5.625406893738527287e+02 1.179284623773173280e+03
9.062600448704874907e+02 2.165358778625954074e+03
4.065680399755251983e+03 2.408623773173391328e+03
4.358441362431164634e+03 2.268471101417666432e+03
1.886459718539669666e+03 2.061245365321701229e+03
7.693718131756068033e+02 1.220329334787350035e+03
4.486336936569447289e+02 1.446575790621591977e+03
2.035338160310014473e+03 1.557696837513631408e+03
2.846675708749745354e+03 1.589731733914939923e+03
2.816700183561085396e+03 2.450669574700109024e+03
1.914436875382418975e+03 2.166359869138495014e+03
1.044147460738323616e+03 2.140331515812431917e+03
1.634665306954925654e+03 2.486708833151581075e+03
1.873470324291250336e+03 1.593736095965103459e+03
3.133441566387925832e+03 1.489622682660850614e+03
5.605423210279420800e+02 1.203310796074154723e+03
1.794534774627778916e+03 1.523659760087241011e+03
4.229546604119926997e+03 1.325443838604143821e+03
1.698613094024067095e+03 1.595738276990185341e+03
4.246532735060167397e+03 1.211319520174482022e+03
1.555729757291454234e+03 1.405531079607415450e+03
1.820513563124617576e+03 1.384508178844056602e+03
3.193392616765245748e+03 1.406532170119956390e+03
4.233543340811747839e+03 1.054148309705561587e+03
4.352446257393432461e+03 2.263465648854961728e+03
4.389416071792779803e+03 1.591733914940021805e+03
2.961581888639608678e+03 2.558787350054525632e+03
1.608686518458086994e+03 1.131232279171210394e+03
3.879832143585560061e+03 2.116305343511450246e+03
2.943596573526412612e+03 1.209317339149400141e+03
1.784542932898225672e+03 1.509644492911668522e+03
1.609685702631042204e+03 1.359480916030534217e+03
3.332279216806037311e+03 2.260462377317338905e+03
3.114457067101774555e+03 1.522658669574700070e+03
4.538294513563125292e+03 2.335544165757906285e+03
1.794534774627778916e+03 1.228338058887677107e+03
2.709787477054864667e+03 2.215413304252998842e+03
8.902730981032021873e+02 1.259371864776444909e+03
9.552200693452988389e+02 2.235435114503816749e+03
2.019351213542729056e+03 1.521657579062159130e+03
1.996369977564756482e+03 1.103201744820065414e+03
4.606239037324087349e+02 1.201308615049073069e+03
2.057320212115031609e+03 1.099197382769901878e+03
7.493881297165000888e+02 2.621856052344601721e+03
2.713784213746685964e+03 2.180375136314067731e+03
2.129261472567815872e+03 1.256368593238822086e+03
4.286500101978380371e+03 2.260462377317338905e+03
1.629669386090148919e+03 1.401526717557251914e+03
4.306483785437487313e+03 1.099197382769901878e+03
2.020350397715684494e+03 1.068163576881134077e+03
2.657829900061187345e+03 1.183288985823336816e+03
6.454729757291454462e+02 1.240351145038167942e+03
4.316475627167041011e+02 2.544772082878952915e+03
2.106280236589842843e+03 1.122222464558342381e+03
1.792536406281868267e+03 1.209317339149400141e+03
2.986561492963492128e+03 1.480612868047982602e+03
2.814701815215174520e+03 2.050233369683751334e+03
4.241536814195390434e+03 2.069254089422028301e+03
4.524305935141750524e+03 1.986163576881134077e+03
3.111459514582908469e+03 2.352562704471101370e+03
5.825243728329594433e+02 1.384508178844056602e+03
7.064232102794208004e+02 1.473605234460196243e+03
3.341271874362635117e+03 2.204401308615048947e+03
8.922714664491128360e+02 1.324442748091603107e+03
3.226365694472771793e+03 1.208316248636859200e+03
2.018352029369773675e+02 2.284488549618320576e+03
8.303220477258821575e+02 1.132233369683751334e+03
9.801996736691821752e+02 2.146338058887677107e+03
1.986378135835203011e+03 1.062157033805888659e+03
4.486336936569447971e+03 1.551690294438385990e+03
3.250346114623700032e+03 2.479701199563794944e+03
6.554648174586988034e+02 2.052235550708833216e+03
4.237540077503569591e+03 2.305511450381679424e+03
2.958584336120742591e+03 2.550778625954198560e+03
2.678812767693249043e+03 2.100287895310796102e+03
2.044330817866612279e+03 1.187293347873500579e+03
4.533298592698348330e+03 2.122311886586695437e+03
3.294310218233734759e+03 1.357478735005452563e+03
2.969575362023251273e+03 2.259461286804797965e+03
4.626222720783193836e+03 1.979155943293347718e+03
2.178221497042626993e+02 1.257369683751363027e+03
2.985562308790536463e+03 1.534671755725190678e+03
2.784726290026514562e+03 1.221330425299890976e+03
2.718780134611462472e+03 1.269382769901853862e+03
3.342271058535590782e+03 2.188383860414394803e+03
6.005096879461553954e+02 1.549688113413304109e+03
4.354444625739343792e+03 1.698850599781897472e+03
2.778731184988782388e+03 1.228338058887677107e+03
1.644657148684478898e+03 1.410536532170119926e+03
7.154158678360188333e+02 1.478610687022900720e+03
4.096655109116867607e+03 1.359480916030534217e+03
1.981382214970426276e+03 2.221419847328244032e+03
1.918433612074240273e+03 2.159352235550708883e+03
1.728588619212727053e+03 1.575716466739367434e+03
4.408400571078931534e+03 1.230340239912758989e+03
6.904362635121354970e+02 1.428556161395855952e+03
4.221553130736284402e+03 1.327446019629225702e+03
1.871471955945339687e+03 1.339459105779716310e+03
4.025713032837038554e+03 1.248359869138495014e+03
2.684807872730981217e+03 1.149251908396946419e+03
4.382421782582092419e+03 1.155258451472191837e+03
3.269330613909851309e+03 2.188383860414394803e+03
2.741761370589435046e+03 2.222420937840784973e+03
3.257340403834387416e+03 2.114303162486368365e+03
3.081483989394248511e+03 2.162355507088331251e+03
2.864661023862941420e+03 1.264377317339149386e+03
1.816516826432796279e+03 1.397522355507088378e+03
9.252445441566388808e+02 1.306423118865866854e+03
4.353445441566388581e+03 2.222420937840784973e+03
4.443372017132368455e+03 1.268381679389312922e+03
1.723592698347950318e+03 2.459679389312977037e+03
1.928425453803793630e+02 2.474695747001090240e+03
2.879648786457271399e+03 1.221330425299890976e+03
3.294310218233734759e+03 2.121310796074154950e+03
3.227364878645727458e+03 1.194300981461286710e+03
4.490333673261268814e+03 2.167360959651035955e+03
3.423204976544972851e+03 1.248359869138495014e+03
1.920431980420150921e+03 2.095282442748091398e+03
3.202385274321844008e+03 2.478700109051254003e+03
4.874020395676117005e+03 3.633958560523445840e+02
1.854485825005099059e+03 2.406621592148309446e+03
1.488784417703446934e+02 2.416632497273718400e+03
1.910440138690597678e+03 1.068163576881134077e+03
4.450366306343055840e+03 2.178372955288985850e+03
4.596247195594534105e+02 1.309426390403489677e+03
4.039701611258413323e+03 2.516741548527807936e+03
1.879465429328982282e+03 2.190386041439476685e+03
3.204383642667754430e+03 1.205312977099236605e+03
3.347266979400367291e+03 2.196392584514721875e+03
2.922613705894350460e+03 1.571712104689203898e+03
1.593698755863757015e+03 1.346466739367502669e+03
2.917617785029573952e+03 2.557786259541984691e+03
2.890639812359780080e+03 1.243354416575790538e+03
3.121451356312461940e+03 1.463594329334787290e+03
1.500774627778911054e+03 1.185291166848418698e+03
1.738580460942280297e+02 2.165358778625954074e+03
3.008543544768509037e+03 1.474606324972737184e+03
3.991740770956557299e+03 2.368580152671755513e+03
2.938600652661636104e+03 1.232342420937840643e+03
6.424754232102794731e+02 1.516652126499454653e+03
2.126263920048949785e+03 1.247358778625954074e+03
4.298490312053844718e+03 2.189384950926935744e+03
4.218555578217417860e+03 2.215413304252998842e+03
3.067495410972873742e+03 2.527753544165757830e+03
2.765741790740363285e+03 1.214322791712104618e+03
1.179037324087293541e+02 2.029210468920392486e+03
4.346451152355701197e+03 2.200396946564885184e+03
3.198388537630022711e+03 1.365487459105779635e+03
3.168413012441362753e+03 1.520656488549618189e+03
3.374244952070161162e+03 1.291406761177753424e+03
5.525488476442994852e+02 1.214322791712104618e+03
3.065497042626963321e+03 2.511736095965103686e+03
2.758747501529675901e+03 1.259371864776444909e+03
3.351263716092188588e+03 2.096283533260632339e+03
4.373429125025494614e+03 1.665814612868048016e+03
1.458808892514786976e+03 2.388601962922573421e+03
1.532748521313481660e+03 2.261463467829879846e+03
4.088661635733224557e+03 1.614758996728462307e+03
2.703792372017132493e+03 2.340549618320610534e+03
1.768555986130940255e+03 2.508732824427480864e+03
2.098286763206200476e+02 2.110298800436205056e+03
1.024163777279216902e+03 2.355565976008724192e+03
1.862479298388741654e+03 1.586728462377317328e+03
4.256524576789720982e+02 2.426643402399127353e+03
1.692617988986334922e+03 1.598741548527807936e+03
4.417393228635529340e+03 1.590732824427480864e+03
3.901814195390577424e+03 2.020200654307524474e+03
3.176406485825005348e+03 2.562791712104688941e+03
1.552732204772588375e+03 1.296412213740457901e+03
2.967576993677340397e+03 1.378501635768811184e+03
4.557279012849276114e+03 2.122311886586695437e+03
4.202568631450132671e+03 1.420547437295528880e+03
1.485786865184580847e+03 1.206314067611777546e+03
1.919432796247195711e+03 2.105293347873500352e+03
1.947409953089945020e+03 2.111299890948745997e+03
4.235541709157659170e+03 2.329537622682660640e+03
3.142434223944524092e+03 2.266468920392584550e+03
3.173408933306139261e+03 1.404529989094874509e+03
4.043698347950234620e+03 2.486708833151581075e+03
2.738763818070569414e+03 2.380593238822246349e+03
5.755300836222720591e+02 1.435563794983642310e+03
9.642127269018968718e+02 2.241441657579061939e+03
3.189395880073424451e+03 1.363485278080697981e+03
4.503323067509688372e+03 2.037219193020719558e+03
