4.111250638961791992e-01
4.111312627792358398e-01
4.112065136432647705e-01
4.112938642501831055e-01
4.116440713405609131e-01
4.116526842117309570e-01
4.117163121700286865e-01
4.117328226566314697e-01
4.117397665977478027e-01
4.118146300315856934e-01
4.119144082069396973e-01
4.119936227798461914e-01
4.122357666492462158e-01
4.122513830661773682e-01
4.123140871524810791e-01
4.125288724899291992e-01
4.125336706638336182e-01
4.126029014587402344e-01
4.126749038696289062e-01
4.127438068389892578e-01
4.127625823020935059e-01
4.127673506736755371e-01
4.129663109779357910e-01
4.130165874958038330e-01
4.133455753326416016e-01
4.134675264358520508e-01
4.135670661926269531e-01
4.136471152305603027e-01
4.136887192726135254e-01
4.137638211250305176e-01
4.137880802154541016e-01
4.138070940971374512e-01
4.138876199722290039e-01
4.139424264430999756e-01
4.139804244041442871e-01
4.139881432056427002e-01
4.142826795578002930e-01
4.143704473972320557e-01
4.143863916397094727e-01
4.143924713134765625e-01
4.144234657287597656e-01
4.144941866397857666e-01
4.145301580429077148e-01
4.147125780582427979e-01
4.148047566413879395e-01
4.148855805397033691e-01
4.149870574474334717e-01
4.150402247905731201e-01
4.152687489986419678e-01
4.154941439628601074e-01
4.155436158180236816e-01
4.155854880809783936e-01
4.156411588191986084e-01
4.157734215259552002e-01
4.157951772212982178e-01
4.158503413200378418e-01
4.158628880977630615e-01
4.158940017223358154e-01
4.159202873706817627e-01
4.159274697303771973e-01
4.161283969879150391e-01
4.162280559539794922e-01
4.163077175617218018e-01
4.164192378520965576e-01
4.165937304496765137e-01
4.166402518749237061e-01
4.167996048927307129e-01
4.168176949024200439e-01
4.169427156448364258e-01
4.169506728649139404e-01
4.170053601264953613e-01
4.170833826065063477e-01
4.171069562435150146e-01
4.171960949897766113e-01
4.172644317150115967e-01
4.173501133918762207e-01
4.174900352954864502e-01
4.177714586257934570e-01
4.177952408790588379e-01
4.178772866725921631e-01
4.179437756538391113e-01
4.180180728435516357e-01
4.180776774883270264e-01
4.182817041873931885e-01
4.182856380939483643e-01
4.183514118194580078e-01
4.183611869812011719e-01
4.185682237148284912e-01
4.186220765113830566e-01
4.186893701553344727e-01
4.187395274639129639e-01
4.189590811729431152e-01
4.189780652523040771e-01
4.189994037151336670e-01
4.190412759780883789e-01
4.192416965961456299e-01
4.192969799041748047e-01
4.194949269294738770e-01
4.195493757724761963e-01
4.195905029773712158e-01
4.195973575115203857e-01
4.196538329124450684e-01
4.196855723857879639e-01
4.196991622447967529e-01
4.197636544704437256e-01
4.197936952114105225e-01
4.198819398880004883e-01
4.201021790504455566e-01
4.201564192771911621e-01
4.201937615871429443e-01
4.202497303485870361e-01
4.204136729240417480e-01
4.204368293285369873e-01
4.206741154193878174e-01
4.207029342651367188e-01
4.207363724708557129e-01
4.210575222969055176e-01
4.211428463459014893e-01
4.211441576480865479e-01
4.212025701999664307e-01
4.212116599082946777e-01
4.212197959423065186e-01
4.214696288108825684e-01
4.215609729290008545e-01
4.219301342964172363e-01
4.220406413078308105e-01
4.220541417598724365e-01
4.221121966838836670e-01
4.226112663745880127e-01
4.226169884204864502e-01
4.226260781288146973e-01
4.227210283279418945e-01
4.227868318557739258e-01
4.231251776218414307e-01
4.231388866901397705e-01
4.231953322887420654e-01
4.231987297534942627e-01
4.234081208705902100e-01
4.235765337944030762e-01
4.238653481006622314e-01
4.239253699779510498e-01
4.239749312400817871e-01
4.241605401039123535e-01
4.242658019065856934e-01
4.242728948593139648e-01
4.242835342884063721e-01
4.243736863136291504e-01
4.244725108146667480e-01
4.246025979518890381e-01
4.246272742748260498e-01
4.247059226036071777e-01
4.247737824916839600e-01
4.249806404113769531e-01
4.249924719333648682e-01
4.250039756298065186e-01
4.253787696361541748e-01
4.256334006786346436e-01
4.257121682167053223e-01
4.258427321910858154e-01
4.258755147457122803e-01
4.258927404880523682e-01
4.259074330329895020e-01
4.259514212608337402e-01
4.259774684906005859e-01
4.260139763355255127e-01
4.263980388641357422e-01
4.264394342899322510e-01
4.264447987079620361e-01
4.265840351581573486e-01
4.266316294670104980e-01
4.270395636558532715e-01
4.271055161952972412e-01
4.272472262382507324e-01
4.275098145008087158e-01
4.275945425033569336e-01
4.275977611541748047e-01
4.276664853096008301e-01
4.277604818344116211e-01
4.278386831283569336e-01
4.279554784297943115e-01
4.279676675796508789e-01
4.280003309249877930e-01
4.281690716743469238e-01
4.281767606735229492e-01
4.281905293464660645e-01
4.282777309417724609e-01
4.283391237258911133e-01
4.284459948539733887e-01
4.286813139915466309e-01
4.287708401679992676e-01
4.289965033531188965e-01
4.291649758815765381e-01
4.293109178543090820e-01
4.293541014194488525e-01
4.294006228446960449e-01
4.294158518314361572e-01
4.294158518314361572e-01
4.296021759510040283e-01
4.296636581420898438e-01
4.297408163547515869e-01
4.298219978809356689e-01
4.298292696475982666e-01
4.299294054508209229e-01
4.300059974193572998e-01
4.300400018692016602e-01
4.300684034824371338e-01
4.301729500293731689e-01
4.302666187286376953e-01
4.305009841918945312e-01
4.305116832256317139e-01
4.305290877819061279e-01
4.305649697780609131e-01
4.307974278926849365e-01
4.311022460460662842e-01
4.311902523040771484e-01
4.314081072807312012e-01
4.314365088939666748e-01
4.317466318607330322e-01
4.318163096904754639e-01
4.319192469120025635e-01
4.319998323917388916e-01
4.321503639221191406e-01
4.323678314685821533e-01
4.325766563415527344e-01
4.327075183391571045e-01
4.327192604541778564e-01
4.328499734401702881e-01
4.330004155635833740e-01
4.332382082939147949e-01
4.336468279361724854e-01
4.339220821857452393e-01
4.339633882045745850e-01
4.340130984783172607e-01
4.341144561767578125e-01
4.341458082199096680e-01
4.342794716358184814e-01
4.343814551830291748e-01
4.345850646495819092e-01
4.346238374710083008e-01
4.346906840801239014e-01
4.349320828914642334e-01
4.349383115768432617e-01
4.349526464939117432e-01
4.349818825721740723e-01
4.356345832347869873e-01
4.356818199157714844e-01
4.357024133205413818e-01
4.358573853969573975e-01
4.359029531478881836e-01
4.359079599380493164e-01
4.361534416675567627e-01
4.362401366233825684e-01
4.362625777721405029e-01
4.362780749797821045e-01
4.363070130348205566e-01
4.363925457000732422e-01
4.370065033435821533e-01
4.371423721313476562e-01
4.371883869171142578e-01
4.372553825378417969e-01
4.372591078281402588e-01
4.374936819076538086e-01
4.375116527080535889e-01
4.377522170543670654e-01
4.377795755863189697e-01
4.380034506320953369e-01
4.381758570671081543e-01
4.383395016193389893e-01
4.384057819843292236e-01
4.384138584136962891e-01
4.384813606739044189e-01
4.386456608772277832e-01
4.386754930019378662e-01
4.387149214744567871e-01
4.387629032135009766e-01
4.387895464897155762e-01
4.388848543167114258e-01
4.389186501502990723e-01
4.389398694038391113e-01
4.390013515949249268e-01
4.390298724174499512e-01
4.391229152679443359e-01
4.392289519309997559e-01
4.392878711223602295e-01
4.393929839134216309e-01
4.394061565399169922e-01
4.396350681781768799e-01
4.398574829101562500e-01
4.398706257343292236e-01
4.398825168609619141e-01
4.400651454925537109e-01
4.400889575481414795e-01
4.401034712791442871e-01
4.401408433914184570e-01
4.401483237743377686e-01
4.402870237827301025e-01
4.404867887496948242e-01
4.404982328414916992e-01
4.407181441783905029e-01
4.407797455787658691e-01
4.407855868339538574e-01
4.409031867980957031e-01
4.409323334693908691e-01
4.411029815673828125e-01
4.411914646625518799e-01
4.411920607089996338e-01
4.411937296390533447e-01
4.412262737751007080e-01
4.412603974342346191e-01
4.412625730037689209e-01
4.415425360202789307e-01
4.416130781173706055e-01
4.416992068290710449e-01
4.417060315608978271e-01
4.421395659446716309e-01
4.422786831855773926e-01
4.423610568046569824e-01
4.423718452453613281e-01
4.424636960029602051e-01
4.424858987331390381e-01
4.425967633724212646e-01
4.426376223564147949e-01
4.427221417427062988e-01
4.427875280380249023e-01
4.428941905498504639e-01
4.429791867733001709e-01
4.431032836437225342e-01
4.431387186050415039e-01
4.431544840335845947e-01
4.432925879955291748e-01
4.434187710285186768e-01
4.435100257396697998e-01
4.439513385295867920e-01
4.442768990993499756e-01
4.444914460182189941e-01
4.446223080158233643e-01
4.448999464511871338e-01
4.449218809604644775e-01
4.449458718299865723e-01
4.450319409370422363e-01
4.453375637531280518e-01
4.454904198646545410e-01
4.463370144367218018e-01
4.467431008815765381e-01
4.470101594924926758e-01
4.470120668411254883e-01
4.470166862010955811e-01
4.472255110740661621e-01
4.473532736301422119e-01
4.478430747985839844e-01
4.479927122592926025e-01
4.480786621570587158e-01
4.480948150157928467e-01
4.481111168861389160e-01
4.481715857982635498e-01
4.482149481773376465e-01
4.482911229133605957e-01
4.483278989791870117e-01
4.486001431941986084e-01
4.488495290279388428e-01
4.488797783851623535e-01
4.488975703716278076e-01
4.491036236286163330e-01
4.491120278835296631e-01
4.492715597152709961e-01
4.494123756885528564e-01
4.497049450874328613e-01
4.497123658657073975e-01
4.498925209045410156e-01
4.499035477638244629e-01
4.499805569648742676e-01
4.501329362392425537e-01
4.503599405288696289e-01
4.505712389945983887e-01
4.509041011333465576e-01
4.510272443294525146e-01
4.510293006896972656e-01
4.510456323623657227e-01
4.512980878353118896e-01
4.513964354991912842e-01
4.514451622962951660e-01
4.516723453998565674e-01
4.517486691474914551e-01
4.517655074596405029e-01
4.520404636859893799e-01
4.521456956863403320e-01
4.522194266319274902e-01
4.522468745708465576e-01
4.523054063320159912e-01
4.523146152496337891e-01
4.524019658565521240e-01
4.524933099746704102e-01
4.525081217288970947e-01
4.525725543498992920e-01
4.525811672210693359e-01
4.526046812534332275e-01
4.528365135192871094e-01
4.529021382331848145e-01
4.532437920570373535e-01
4.533953666687011719e-01
4.535868465900421143e-01
4.538762569427490234e-01
4.539421796798706055e-01
4.539659023284912109e-01
4.540360271930694580e-01
4.541814029216766357e-01
4.541999995708465576e-01
4.543195664882659912e-01
4.544778764247894287e-01
4.545784890651702881e-01
4.547838866710662842e-01
4.547906816005706787e-01
4.548103809356689453e-01
4.549697637557983398e-01
4.550423920154571533e-01
4.552061855792999268e-01
4.552488327026367188e-01
4.555133283138275146e-01
4.555333256721496582e-01
4.557830095291137695e-01
4.558073282241821289e-01
4.564917683601379395e-01
4.569697380065917969e-01
4.569701850414276123e-01
4.570536017417907715e-01
4.570706784725189209e-01
4.571116268634796143e-01
4.572999179363250732e-01
4.574738740921020508e-01
4.574936926364898682e-01
4.576880335807800293e-01
4.577889442443847656e-01
4.577916562557220459e-01
4.578223228454589844e-01
4.578783512115478516e-01
4.578930437564849854e-01
4.579846560955047607e-01
4.581299126148223877e-01
4.581446647644042969e-01
4.587984383106231689e-01
4.590978920459747314e-01
4.591044485569000244e-01
4.591627120971679688e-01
4.592230916023254395e-01
4.593764543533325195e-01
4.594002366065979004e-01
4.594719707965850830e-01
4.596064388751983643e-01
4.596615433692932129e-01
4.596666693687438965e-01
4.598830342292785645e-01
4.598900973796844482e-01
4.599480032920837402e-01
4.600086212158203125e-01
4.605339765548706055e-01
4.606697261333465576e-01
4.606767296791076660e-01
4.607420265674591064e-01
4.607421457767486572e-01
4.608877599239349365e-01
4.609251916408538818e-01
4.610987305641174316e-01
4.613504409790039062e-01
4.613863229751586914e-01
4.613945484161376953e-01
4.614203870296478271e-01
4.614207446575164795e-01
4.614361822605133057e-01
4.614758789539337158e-01
4.618358016014099121e-01
4.622986018657684326e-01
4.626410901546478271e-01
4.626520574092864990e-01
4.626766443252563477e-01
4.629353880882263184e-01
4.629663825035095215e-01
4.634208977222442627e-01
4.634893834590911865e-01
4.635331332683563232e-01
4.637607932090759277e-01
4.639001488685607910e-01
4.639185667037963867e-01
4.639253318309783936e-01
4.640909433364868164e-01
4.643047153949737549e-01
4.644851982593536377e-01
4.645605385303497314e-01
4.648286402225494385e-01
4.648841321468353271e-01
4.649768471717834473e-01
4.649843573570251465e-01
4.650032818317413330e-01
4.650586545467376709e-01
4.651712477207183838e-01
4.655445516109466553e-01
4.656599462032318115e-01
4.661231040954589844e-01
4.662195444107055664e-01
4.663231074810028076e-01
4.665409624576568604e-01
4.671502709388732910e-01
4.673625528812408447e-01
4.676064848899841309e-01
4.676107764244079590e-01
4.678229391574859619e-01
4.678986668586730957e-01
4.680404663085937500e-01
4.682214558124542236e-01
4.685924947261810303e-01
4.686984717845916748e-01
4.692085385322570801e-01
4.692663848400115967e-01
4.694806039333343506e-01
4.695034027099609375e-01
4.696030318737030029e-01
4.697574973106384277e-01
4.697641134262084961e-01
4.701835215091705322e-01
4.707359671592712402e-01
4.708046913146972656e-01
4.708622097969055176e-01
4.712438583374023438e-01
4.714150726795196533e-01
4.717288017272949219e-01
4.717997908592224121e-01
4.725028574466705322e-01
4.725364148616790771e-01
4.727643728256225586e-01
4.729866683483123779e-01
4.730539619922637939e-01
4.731577336788177490e-01
4.731642007827758789e-01
4.734416007995605469e-01
4.737778902053833008e-01
4.738473594188690186e-01
4.739153981208801270e-01
4.742225408554077148e-01
4.744007289409637451e-01
4.746143221855163574e-01
4.746469259262084961e-01
4.751971662044525146e-01
4.759064018726348877e-01
4.762018620967864990e-01
4.762910902500152588e-01
4.765786528587341309e-01
4.766684770584106445e-01
4.767019450664520264e-01
4.769662022590637207e-01
4.769835174083709717e-01
4.772877991199493408e-01
4.776004254817962646e-01
4.776541590690612793e-01
4.777463078498840332e-01
4.777513146400451660e-01
4.777991175651550293e-01
4.778398275375366211e-01
4.779874384403228760e-01
4.781726598739624023e-01
4.783150553703308105e-01
4.783748984336853027e-01
4.784709811210632324e-01
4.785169661045074463e-01
4.786579012870788574e-01
4.788662791252136230e-01
4.788776636123657227e-01
4.791058003902435303e-01
4.791881442070007324e-01
4.792830348014831543e-01
4.793995320796966553e-01
4.794001877307891846e-01
4.796831607818603516e-01
4.800355732440948486e-01
4.800705611705780029e-01
4.804808795452117920e-01
4.807700216770172119e-01
4.807942807674407959e-01
4.809453189373016357e-01
4.812173545360565186e-01
4.812826216220855713e-01
4.814995527267456055e-01
4.816618859767913818e-01
4.816810190677642822e-01
4.818185865879058838e-01
4.818758070468902588e-01
4.820943176746368408e-01
4.820945858955383301e-01
4.821585118770599365e-01
4.825603365898132324e-01
4.827208518981933594e-01
4.829172492027282715e-01
4.829595088958740234e-01
4.830074012279510498e-01
4.830950796604156494e-01
4.831694364547729492e-01
4.831719994544982910e-01
4.832521677017211914e-01
4.834326207637786865e-01
4.835607111454010010e-01
4.836823344230651855e-01
4.839413166046142578e-01
4.840199649333953857e-01
4.841758608818054199e-01
4.844382405281066895e-01
4.846475720405578613e-01
4.847331643104553223e-01
4.851489663124084473e-01
4.851569533348083496e-01
4.857095479965209961e-01
4.857114553451538086e-01
4.858148694038391113e-01
4.858241975307464600e-01
4.858598709106445312e-01
4.859998524188995361e-01
4.860183000564575195e-01
4.863517284393310547e-01
4.864479303359985352e-01
4.866537153720855713e-01
4.866558611392974854e-01
4.867164790630340576e-01
4.868495762348175049e-01
4.868579804897308350e-01
4.870702326297760010e-01
4.871891438961029053e-01
4.872606396675109863e-01
4.878411293029785156e-01
4.879669845104217529e-01
4.884720146656036377e-01
4.886898100376129150e-01
4.889110028743743896e-01
4.889888763427734375e-01
4.893861413002014160e-01
4.894241094589233398e-01
4.894982576370239258e-01
4.899851083755493164e-01
4.902795255184173584e-01
4.905115067958831787e-01
4.907785058021545410e-01
4.909946322441101074e-01
4.910395741462707520e-01
4.912398457527160645e-01
4.914215505123138428e-01
4.916509091854095459e-01
4.920961856842041016e-01
4.922967255115509033e-01
4.924130439758300781e-01
4.924620985984802246e-01
4.926021099090576172e-01
4.926198124885559082e-01
4.926371574401855469e-01
4.927674531936645508e-01
4.928261041641235352e-01
4.929610490798950195e-01
4.930426478385925293e-01
4.930430054664611816e-01
4.931196272373199463e-01
4.931305348873138428e-01
4.934827089309692383e-01
4.935780763626098633e-01
4.938259720802307129e-01
4.938961565494537354e-01
4.940116405487060547e-01
4.941650629043579102e-01
4.944797754287719727e-01
4.946181476116180420e-01
4.952311813831329346e-01
4.953062236309051514e-01
4.955044686794281006e-01
4.957306981086730957e-01
4.958509504795074463e-01
4.959171414375305176e-01
4.962862133979797363e-01
4.964866638183593750e-01
4.968468248844146729e-01
4.969609379768371582e-01
4.970514476299285889e-01
4.971656203269958496e-01
4.971930384635925293e-01
4.972747266292572021e-01
4.974445700645446777e-01
4.977854192256927490e-01
4.978514611721038818e-01
4.979024529457092285e-01
4.984301924705505371e-01
4.985359311103820801e-01
4.986577928066253662e-01
4.991940855979919434e-01
4.992229640483856201e-01
4.996818602085113525e-01
5.003956556320190430e-01
5.005037188529968262e-01
5.006181597709655762e-01
5.008035898208618164e-01
5.009830594062805176e-01
5.011916160583496094e-01
5.013849735260009766e-01
5.017873048782348633e-01
5.020509958267211914e-01
5.022686719894409180e-01
5.024372935295104980e-01
5.025336146354675293e-01
5.028602480888366699e-01
5.029300451278686523e-01
5.029680728912353516e-01
5.032562613487243652e-01
5.034143924713134766e-01
5.043252110481262207e-01
5.044941902160644531e-01
5.045104026794433594e-01
5.046705007553100586e-01
5.047404766082763672e-01
5.049595236778259277e-01
5.049985647201538086e-01
5.050942897796630859e-01
5.052022933959960938e-01
5.059721469879150391e-01
5.060132741928100586e-01
5.061607360839843750e-01
5.070735216140747070e-01
5.071498751640319824e-01
5.071510076522827148e-01
5.072860717773437500e-01
5.073928236961364746e-01
5.081811547279357910e-01
5.086655020713806152e-01
5.086881518363952637e-01
5.088542103767395020e-01
5.089807510375976562e-01
5.091224312782287598e-01
5.093791484832763672e-01
5.095436573028564453e-01
5.096417069435119629e-01
5.097988843917846680e-01
5.100772380828857422e-01
5.101602673530578613e-01
5.103062391281127930e-01
5.103607773780822754e-01
5.105083584785461426e-01
5.109620690345764160e-01
5.110701322555541992e-01
5.113421082496643066e-01
5.119688510894775391e-01
5.120062828063964844e-01
5.120509862899780273e-01
5.123681426048278809e-01
5.124798417091369629e-01
5.125010609626770020e-01
5.125496983528137207e-01
5.126006007194519043e-01
5.129240155220031738e-01
5.134255886077880859e-01
5.142968297004699707e-01
5.146477818489074707e-01
5.146705508232116699e-01
5.152624845504760742e-01
5.153999328613281250e-01
5.154100060462951660e-01
5.155138373374938965e-01
5.160077810287475586e-01
5.162616968154907227e-01
5.164913535118103027e-01
5.165092945098876953e-01
5.170469284057617188e-01
5.170574784278869629e-01
5.170739889144897461e-01
5.170821547508239746e-01
5.172894597053527832e-01
5.175824165344238281e-01
5.176335573196411133e-01
5.177919864654541016e-01
5.179377794265747070e-01
5.186607837677001953e-01
5.190120339393615723e-01
5.191357731819152832e-01
5.193958878517150879e-01
5.194510221481323242e-01
5.203159451484680176e-01
5.206728577613830566e-01
5.207714438438415527e-01
5.208033323287963867e-01
5.209237933158874512e-01
5.211148262023925781e-01
5.212057828903198242e-01
5.212505459785461426e-01
5.212963819503784180e-01
5.214666128158569336e-01
5.222532153129577637e-01
5.225420594215393066e-01
5.229961872100830078e-01
5.233977437019348145e-01
5.238903760910034180e-01
5.240052938461303711e-01
5.242101550102233887e-01
5.242841243743896484e-01
5.243639945983886719e-01
5.245038866996765137e-01
5.246569514274597168e-01
5.253932476043701172e-01
5.256247520446777344e-01
5.257731080055236816e-01
5.259369015693664551e-01
5.266610383987426758e-01
5.267282128334045410e-01
5.271626710891723633e-01
5.272663831710815430e-01
5.272947549819946289e-01
5.275474786758422852e-01
5.276479721069335938e-01
5.286881923675537109e-01
5.287905931472778320e-01
5.292238593101501465e-01
5.294739603996276855e-01
5.297967791557312012e-01
5.298641324043273926e-01
5.302559733390808105e-01
5.303336977958679199e-01
5.309591889381408691e-01
5.310803055763244629e-01
5.311958789825439453e-01
5.312110185623168945e-01
5.318431258201599121e-01
5.321558713912963867e-01
5.325420498847961426e-01
5.329459309577941895e-01
5.331020951271057129e-01
5.334106087684631348e-01
5.340385437011718750e-01
5.341199040412902832e-01
5.346569418907165527e-01
5.346821546554565430e-01
5.350195765495300293e-01
5.353260636329650879e-01
5.357416868209838867e-01
5.357424020767211914e-01
5.359476208686828613e-01
5.364522337913513184e-01
5.365046262741088867e-01
5.365597009658813477e-01
5.366341471672058105e-01
5.368137359619140625e-01
5.371187329292297363e-01
5.373417735099792480e-01
5.374234318733215332e-01
5.375744104385375977e-01
5.377002358436584473e-01
5.386005640029907227e-01
5.388472080230712891e-01
5.394517779350280762e-01
5.396040678024291992e-01
5.399387478828430176e-01
5.402060747146606445e-01
5.409209132194519043e-01
5.409829616546630859e-01
5.411328077316284180e-01
5.415376424789428711e-01
5.416009426116943359e-01
5.417382121086120605e-01
5.429027080535888672e-01
5.430694222450256348e-01
5.432623624801635742e-01
5.432720184326171875e-01
5.435877442359924316e-01
5.437291264533996582e-01
5.440326333045959473e-01
5.445188283920288086e-01
5.446469187736511230e-01
5.447299480438232422e-01
5.449147820472717285e-01
5.449699163436889648e-01
5.454546213150024414e-01
5.458353161811828613e-01
5.459297299385070801e-01
5.468760132789611816e-01
5.468937158584594727e-01
5.470448732376098633e-01
5.471474528312683105e-01
5.481893420219421387e-01
5.484094023704528809e-01
5.492185950279235840e-01
5.493311285972595215e-01
5.493504405021667480e-01
5.506066083908081055e-01
5.508931875228881836e-01
5.508993268013000488e-01
5.512900352478027344e-01
5.515708327293395996e-01
5.528423190116882324e-01
5.532210469245910645e-01
5.534567832946777344e-01
5.537787675857543945e-01
5.539731979370117188e-01
5.542768239974975586e-01
5.545701384544372559e-01
5.549129247665405273e-01
5.551689863204956055e-01
5.554558038711547852e-01
5.557945370674133301e-01
5.565117597579956055e-01
5.568682551383972168e-01
5.570423603057861328e-01
5.570933222770690918e-01
5.571112632751464844e-01
5.571384429931640625e-01
5.573868751525878906e-01
5.575026273727416992e-01
5.575964450836181641e-01
5.582505464553833008e-01
5.591394901275634766e-01
5.592795610427856445e-01
5.600009560585021973e-01
5.602153539657592773e-01
5.602630972862243652e-01
5.617318749427795410e-01
5.623083710670471191e-01
5.623977780342102051e-01
5.644755363464355469e-01
5.653857588768005371e-01
5.655894279479980469e-01
5.656524896621704102e-01
5.658082365989685059e-01
5.659902095794677734e-01
5.660599470138549805e-01
5.664594769477844238e-01
5.679715275764465332e-01
5.683949589729309082e-01
5.684568285942077637e-01
5.685831308364868164e-01
5.687635540962219238e-01
5.688651204109191895e-01
5.689136385917663574e-01
5.693468451499938965e-01
5.695765018463134766e-01
5.698065161705017090e-01
5.701220631599426270e-01
5.701991319656372070e-01
5.705336332321166992e-01
5.706578493118286133e-01
5.708200931549072266e-01
5.713668465614318848e-01
5.724493265151977539e-01
5.730369687080383301e-01
5.742453932762145996e-01
5.745820403099060059e-01
5.746217966079711914e-01
5.757753252983093262e-01
5.759153962135314941e-01
5.760987997055053711e-01
5.762670040130615234e-01
5.763751864433288574e-01
5.765888690948486328e-01
5.770472288131713867e-01
5.771228075027465820e-01
5.794526338577270508e-01
5.799468755722045898e-01
5.816221237182617188e-01
5.821250081062316895e-01
5.823074579238891602e-01
5.826074481010437012e-01
5.829578638076782227e-01
5.835577249526977539e-01
5.845696330070495605e-01
5.846630930900573730e-01
5.856624245643615723e-01
5.868387818336486816e-01
5.870866179466247559e-01
5.895334482192993164e-01
5.898355245590209961e-01
5.904758572578430176e-01
5.924145579338073730e-01
5.927706360816955566e-01
5.929268598556518555e-01
5.954355001449584961e-01
5.958915352821350098e-01
5.976491570472717285e-01
5.982755422592163086e-01
5.985873341560363770e-01
5.988075137138366699e-01
5.996421575546264648e-01
5.999858379364013672e-01
5.999896526336669922e-01
6.023374795913696289e-01
6.025547385215759277e-01
6.034321188926696777e-01
6.034610867500305176e-01
6.048282384872436523e-01
6.061882376670837402e-01
6.078664660453796387e-01
6.085990667343139648e-01
6.087414026260375977e-01
6.097594499588012695e-01
6.099866032600402832e-01
6.101130843162536621e-01
6.123203635215759277e-01
6.127618551254272461e-01
6.141375303268432617e-01
6.171067357063293457e-01
6.192351579666137695e-01
6.215953230857849121e-01
6.219979524612426758e-01
6.220943927764892578e-01
6.229576468467712402e-01
6.241261959075927734e-01
6.245149970054626465e-01
6.247196197509765625e-01
6.250956058502197266e-01
6.254389882087707520e-01
6.277316212654113770e-01
6.308059692382812500e-01
6.332630515098571777e-01
6.346669197082519531e-01
6.377678513526916504e-01
6.407696008682250977e-01
6.439825892448425293e-01
6.459168195724487305e-01
6.459438800811767578e-01
6.521579027175903320e-01
6.527065634727478027e-01
6.597096323966979980e-01
6.598066091537475586e-01
6.814464926719665527e-01
6.845278143882751465e-01
6.864285469055175781e-01
6.873705983161926270e-01
7.045124173164367676e-01
7.713875174522399902e-01
