2.692417964071856204e+03 1.828780196329492128e+03
9.371013173652694377e+02 9.794178403755869340e+02
1.597468023952095791e+03 2.153918907383696023e+03
1.588476646706586962e+03 1.746745198463508359e+03
1.677391377245508920e+03 2.199938540332906541e+03
2.544559760479041870e+03 2.039870251813913910e+03
3.936225149700599104e+02 1.833782330345710761e+03
2.580525269461078096e+03 9.594093043107127414e+02
1.190857964071856259e+03 9.534067434912506087e+02
1.296756407185628859e+03 1.031440034144259471e+03
4.166004790419161736e+02 1.336570209133589515e+03
2.673436167664670847e+03 1.981845497225778900e+03
3.694457005988023866e+03 1.073457959880495082e+03
3.436704191616766479e+02 1.123479300042680279e+03
2.445654610778443384e+03 1.801768672641912190e+03
8.581770059880240069e+02 2.036868971404182730e+03
1.650417245508981978e+03 1.737741357234315046e+03
3.608539401197605002e+03 9.624105847204439215e+02
2.854262754491017859e+03 2.112901408450704366e+03
2.611495568862275377e+03 1.782760563380281837e+03
1.671397125748502958e+03 2.025864276568501964e+03
3.190939880239521244e+03 6.122612035851473138e+02
1.938141317365269458e+02 1.038443021766965558e+03
6.543724550898203915e+02 1.278545454545454504e+03
5.324893413173653016e+02 2.012858728126333745e+03
8.891473053892216285e+02 9.974255228339735595e+02
1.744327185628742654e+03 1.814774221084080409e+03
7.612699401197604629e+02 1.745744771660264632e+03
1.663404790419161600e+03 1.681717456252667489e+03
2.553551137724551154e+03 2.052875800256082130e+03
3.766388023952096091e+02 1.238528382415706346e+03
2.833282874251497105e+03 1.734740076824583866e+03
1.734336766467065900e+03 1.969840375586854634e+03
5.314902994011976034e+02 1.328566794707639929e+03
3.636512574850299302e+02 1.240529236022193800e+03
6.214040718562874872e+02 1.990849338454972212e+03
1.676392335329341449e+03 9.604097311139564681e+02
5.175037125748502831e+02 2.278972257789159357e+03
2.245846227544910107e+03 1.762752027315407759e+03
2.511591377245509193e+03 9.604097311139564681e+02
2.399698682634730631e+03 1.807771233461374322e+03
1.297755449101796330e+03 2.044872385830132316e+03
4.021143712574850269e+03 1.784761416986769063e+03
3.476665868263472930e+03 1.246531796841655932e+03
1.337717125748503122e+03 1.219520273154075994e+03
1.628438323353293526e+03 1.396595817328211751e+03
8.441904191616766866e+02 1.082461801109688395e+03
2.793321197604790541e+03 1.742743491250533452e+03
7.882440718562874054e+02 1.153492104139991397e+03
1.674394251497006053e+03 2.020862142552283558e+03
6.194059880239520908e+02 1.174501067008109203e+03
3.539605508982036099e+03 1.851790012804097387e+03
2.252839520958083995e+03 1.070456679470763902e+03
1.207841676646706674e+03 1.736740930431071320e+03
1.410647185628742591e+03 1.756749466495945398e+03
2.724387305389221638e+03 1.852790439607341114e+03
2.874243592814371368e+03 1.086463508322663301e+03
9.031338922155688351e+02 1.851790012804097387e+03
1.862214131736526951e+03 1.338571062740076968e+03
1.674394251497006053e+03 1.677715749039692810e+03
3.371766467065868255e+03 1.903812206572770037e+03
3.197933173652694677e+03 4.982125480153649164e+02
1.345709461077844253e+03 2.084889457959880474e+03
1.680388502994012015e+03 2.268967989756722091e+03
1.245805269461077842e+03 1.849789159197609933e+03
1.356698922155688706e+03 1.973842082799829313e+03
4.425755688622754747e+02 1.710729833546735108e+03
1.207841676646706674e+03 2.085889884763124428e+03
1.494566706586826285e+03 1.838784464361929167e+03
3.406732934131736670e+02 2.138912505335040805e+03
2.437662275449101799e+02 1.827779769526248401e+03
3.346790419161676709e+03 1.341572343149807921e+03
2.656452455089820432e+03 2.102897140418267099e+03
3.690460838323353528e+03 1.129481860862142639e+03
3.812343952095808618e+03 1.822777635510029995e+03
3.904255808383233671e+03 2.086890311566367927e+03
1.561502514970060020e+03 1.251533930857874566e+03
1.866210299401197744e+03 1.066454972257789223e+03
2.893225389221556725e+03 9.494050362782757020e+02
3.176953293413173924e+03 5.282253521126760916e+02
2.977144910179640647e+03 1.144488262910798085e+03
3.764389940119760467e+03 9.814186939820742737e+02
3.727425389221556998e+03 9.544071702944942217e+02
1.809264910179640765e+03 1.299554417413572310e+03
4.815382035928143978e+02 1.072457533077251355e+03
1.344710419161676782e+03 1.370584720443875312e+03
3.495647664670658742e+03 1.096467776355100341e+03
2.409689101796407158e+03 1.737741357234315046e+03
3.888271137724550954e+03 1.049447716602646324e+03
3.731421556886227791e+03 3.431463935125906914e+02
7.382919760479041997e+02 1.226523260776781854e+03
1.740331017964071862e+03 1.775757575757575751e+03
2.680429461077844280e+03 2.249959880495091966e+03
3.738414850299401223e+03 2.091892445582586333e+03
1.768304191616766445e+02 1.016433632095603912e+03
3.534610299401197608e+03 1.812773367477592956e+03
1.721349221556886278e+03 2.169925736235595650e+03
7.392910179640718979e+02 1.652705078958600097e+03
2.811303952095808654e+03 9.984259496372172862e+02
1.128917365269461015e+03 9.373999146393513229e+02
2.474626826347305268e+03 1.972841655996585587e+03
3.160968622754491207e+03 4.872078531796842071e+02
1.564499640718562887e+03 1.289550149381135270e+03
3.066059640718563060e+03 4.551941954758856355e+02
2.963158323353293326e+03 1.980845070422535173e+03
2.772341317365269333e+03 1.858793000426803246e+03
3.628520239520958057e+03 1.174501067008109203e+03
1.764308023952095937e+03 1.922820315834400390e+03
3.782372694610778581e+03 1.758750320102432852e+03
1.401655808383233534e+03 1.253534784464362019e+03
3.484658203592814516e+03 1.977843790012804220e+03
2.159928622754491244e+03 2.330994451557832008e+02
1.760311856287425144e+03 2.093893299189073787e+03
1.279772694610778444e+03 1.826779342723004675e+03
2.555549221556886096e+03 1.880802390098164778e+03
2.635472574850299225e+03 1.779759282970550657e+03
3.003119999999999891e+03 1.229524541186513034e+03
3.019104670658682608e+03 2.190934699103713399e+02
3.438702275449101762e+03 1.227523687580025580e+03
2.814301077844311294e+03 1.757749893299189125e+03
6.004241916167665067e+02 1.750746905676483266e+03
8.731626347305389118e+02 2.000853606487409479e+03
1.578486227544910321e+02 1.942828851899274468e+03
1.250800479041916105e+03 1.223521980367050901e+03
1.502559041916167644e+03 1.843786598378147801e+03
1.391665389221557007e+03 1.061452838241570589e+03
2.557547305389221492e+03 1.991849765258215939e+03
1.651416287425149676e+03 1.431610755441741503e+03
2.537566467065868437e+03 1.932824583866837429e+03
2.472628742514970327e+03 9.333982074263764162e+02
3.511632335329341458e+03 1.108472897994024834e+03
1.380675928143712554e+03 2.091892445582586333e+03
4.295880239520957957e+02 1.814774221084080409e+03
2.461639281437125646e+03 1.023436619718309885e+03
1.752319520958083785e+03 1.654705932565087551e+03
1.714355928143712617e+03 1.314560819462227983e+03
3.105022275449101926e+03 6.242663252240716929e+02
3.365772215568862521e+03 1.300554844216816036e+03
1.509552335329341304e+03 1.764752880921894985e+03
3.349787544910179804e+03 1.133483568075117319e+03
2.835280958083832502e+03 1.716732394366197241e+03
1.582482395209580773e+03 2.105898420827998507e+03
3.238893892215568940e+03 1.119477592829705600e+03
3.610537485029940399e+03 1.172500213401621977e+03
2.417681437125748687e+02 1.355578318395219867e+03
1.344710419161676782e+03 2.074885189927443662e+03
3.999164790419161818e+03 1.948831412718736829e+03
6.853427544910180131e+02 1.102470337174562474e+03
2.294799281437125956e+03 1.986847631241997533e+03
1.451607904191616853e+03 2.091892445582586333e+03
4.465717365269460970e+02 1.721734528382415874e+03
3.454686946107784479e+03 1.244530943235168706e+03
1.423634730538922213e+03 1.432611182244985002e+03
2.768345149700598995e+03 2.009857447716602792e+03
4.565621556886227381e+02 1.922820315834400390e+03
1.815259161676646727e+03 1.019434912505335092e+03
1.626440239520958130e+03 1.090465215535638208e+03
4.385794011976047955e+02 1.256536064874093199e+03
5.155056287425150003e+02 2.097895006402048693e+03
1.959121197604790495e+03 1.636698250106700925e+03
2.426672814371257573e+03 2.042871532223644863e+03
2.471629700598802629e+03 1.004428510456679533e+03
1.755316646706586880e+03 1.909814767392232170e+03
3.421718562874251347e+03 1.720734101579172147e+03
1.627439281437125828e+03 1.831781476739223308e+03
1.714355928143712617e+03 9.544071702944942217e+02
3.796359281437126043e+01 8.603670507895860737e+02
3.396742514970059801e+03 2.040870678617157637e+03
2.820295329341317483e+03 9.984259496372172862e+02
3.732420598802395489e+03 1.761751600512164032e+03
3.594552814371257682e+03 1.025437473324797338e+03
8.022306586826347257e+02 1.770755441741357345e+03
1.520541796407185757e+03 1.954833973538198961e+03
1.413644311377245458e+03 2.018861288945796105e+03
5.165046706586826986e+02 1.194509603072983282e+03
2.679430419161676582e+03 1.441615023474178543e+03
5.464759281437126219e+02 1.400597524541186658e+03
3.806349700598802315e+02 1.796766538625693556e+03
7.962364071856287637e+02 1.694723004694835709e+03
2.543560718562874172e+03 1.822777635510029995e+03
1.267784191616766520e+03 1.750746905676483266e+03
3.358778922155688633e+03 2.061879641485275442e+03
1.858217964071856443e+02 1.755749039692701672e+03
3.284849820359281694e+03 9.944242424242424931e+02
2.267825149700598786e+02 1.260537772087067879e+03
1.472587784431137834e+03 1.762752027315407759e+03
4.435746107784431160e+02 1.433611609048228729e+03
2.515587544910179531e+03 1.708728979940247655e+03
2.608498443113772282e+03 1.859793427230046973e+03
9.371013173652694377e+02 1.799767819035424736e+03
2.930189940119760649e+03 1.540657276995305267e+02
2.904214850299401405e+03 1.989848911651728713e+03
1.835240000000000009e+03 1.066454972257789223e+03
8.222114970059880079e+02 9.884216816047802467e+02
2.814301077844311294e+03 2.266967136150234637e+03
7.203092215568862002e+02 1.074458386683738809e+03
2.451648862275449119e+03 2.154919334186939977e+03
1.298754491017964028e+03 1.231525394793000487e+03
3.791364071856287410e+03 1.318562526675202889e+03
2.527576047904191796e+02 1.326565941101152475e+03
1.541521676646706510e+03 2.021862569355527285e+03
5.294922155688623207e+02 2.123906103286385132e+03
5.684548502994011869e+02 2.099895860008536147e+03
1.411646227544910289e+03 2.154919334186939977e+03
3.785369820359281675e+03 1.024437046521553611e+03
2.406691976047904063e+03 1.813773794280836682e+03
2.982140119760479138e+03 9.744157063593684143e+02
2.336759041916167916e+03 1.783760990183525564e+03
2.762350898203592806e+03 1.075458813486982535e+03
2.247844311377245504e+03 1.750746905676483266e+03
2.528575089820359153e+03 2.222948356807512027e+03
2.420678562874251384e+03 1.786762270593256517e+03
7.253044311377245776e+02 9.554075970977379484e+02
7.942383233532934810e+02 1.056450704225352183e+03
1.413644311377245458e+03 1.988848484848484986e+03
3.867291257485030201e+03 1.978844216816047947e+03
2.673436167664670847e+03 1.006429364063166872e+03
3.949212694610778726e+03 1.726736662398634280e+03
1.042999760479041925e+03 1.562666666666666742e+03
1.732338682634730503e+03 9.774169867690994806e+02
2.577528143712575002e+02 1.085463081519419575e+03
2.832283832335329407e+03 2.149917200170721571e+03
2.722389221556886241e+03 1.713731113956466061e+03
8.641712574850299688e+02 1.069456252667520403e+03
3.856301796407185520e+02 1.993850618864703392e+03
1.277774610778443048e+03 1.039443448570209057e+03
2.936184191616766384e+03 1.491636363636363740e+03
5.594634730538922440e+02 1.851790012804097387e+03
3.637511616766467341e+03 1.802769099445155916e+03
6.963322155688622388e+02 1.206514724711907775e+03
1.295757365269461161e+03 1.754748612889457945e+03
3.607540359281437304e+03 9.744157063593684143e+02
2.634473532934131981e+03 1.873799402475458919e+03
4.485698203592814366e+02 1.328566794707639929e+03
4.635554491017963983e+02 1.148489970123772991e+03
2.500601916167664513e+03 9.554075970977379484e+02
4.665525748502994361e+02 1.434612035851472456e+03
1.792281197604790350e+03 9.674127187366624412e+02
2.815300119760478992e+03 2.147916346564234118e+03
2.629478323353293490e+03 3.731591976099018666e+02
4.010154251497006044e+03 1.317562099871959163e+03
2.447652694610778497e+02 1.176501920614596656e+03
1.603462275449101753e+03 1.914816901408450804e+03
4.875324550898203597e+02 1.164496798975672164e+03
1.427630898203592778e+03 1.912816047801963350e+03
2.720391137724550845e+03 2.161922321809645837e+03
1.729341556886227636e+03 1.909814767392232170e+03
6.583686227544910707e+02 1.292551429790866450e+03
1.658409580838323336e+03 1.349575757575757734e+03
1.876200718562874272e+03 1.964838241570636001e+03
1.471588742514970136e+03 1.826779342723004675e+03
2.428670898203592969e+03 2.150917626973965071e+03
3.545599760479041834e+03 1.857792573623559520e+03
2.478622994011976061e+03 1.886804950917627139e+03
4.755439520958083790e+02 2.127907810499360039e+03
2.117968862275449169e+02 1.767754161331626165e+03
3.737415808383233525e+03 1.416604353393085830e+03
1.351703712574850215e+03 1.030439607341015744e+03
1.431627065868263571e+03 2.153918907383696023e+03
5.394826347305389618e+02 1.917818181818181984e+03
4.195976047904191546e+02 1.263539052496799059e+03
1.253797604790419200e+03 1.214518139137857588e+03
2.863254131736527142e+03 2.143914639351259211e+03
1.545517844311377303e+03 1.964838241570636001e+03
3.343793293413173615e+03 1.984846777635510080e+03
1.689379880239521071e+03 1.943829278702518195e+03
2.693417005988023902e+03 2.023863422962014511e+03
8.112220359281437823e+02 1.258536918480580425e+03
6.014232335329340913e+02 1.742743491250533452e+03
1.329724790419161764e+03 1.124479726845924006e+03
4.695497005988024171e+02 8.613674775928296867e+02
1.239811017964071880e+03 1.208515578318395228e+03
3.686464670658682735e+03 3.411455399061032949e+02
1.701368383233532995e+03 1.948831412718736829e+03
4.755439520958083790e+02 1.740742637644046226e+03
2.516586586826347229e+03 1.691721724285104528e+03
5.614615568862275268e+02 1.406600085360648791e+03
2.529574131736526851e+03 2.186932991890738322e+03
1.176871377245508938e+03 1.765753307725138711e+03
1.290762155688622670e+03 1.026437900128041065e+03
5.714519760479041679e+02 1.145488689714041811e+03
3.326809580838323200e+03 1.218519846350832267e+03
2.781332694610778617e+03 1.850789586000853660e+03
3.655494371257485000e+03 9.093879641485275442e+02
3.565580598802395343e+03 1.302555697823303490e+03
1.879197844311377366e+03 9.894221084080239734e+02
2.668440958083832356e+03 1.834782757148954488e+03
1.551512095808383265e+03 1.305556978233034670e+03
3.152976287425149621e+03 4.902091335894152735e+02
3.375762634730539048e+03 2.106898847631242006e+03
3.060065389221556870e+03 3.871651728553136991e+02
1.594470898203592924e+03 2.211943661971831261e+03
2.700410299401197790e+03 1.816775074690567635e+03
7.622689820359281612e+02 1.042444728979940237e+03
2.202887425149700448e+03 6.112607767819035871e+02
3.337799041916167880e+03 9.904225352112675864e+02
1.421636646706586816e+03 2.015860008536064925e+03
2.665443832335329262e+03 9.384003414425950496e+02
2.240851017964072071e+03 9.614101579172001948e+02
8.951415568862275904e+02 1.049447716602646324e+03
3.447693652694611046e+03 1.401597951344430157e+03
6.453810778443113350e+02 1.277545027742210777e+03
3.896263473053892312e+02 1.318562526675202889e+03
2.653455329341317338e+03 1.774757148954332024e+03
3.288845988023952032e+03 1.177502347417840383e+03
2.503599041916167607e+03 2.232952624839948840e+03
1.813261077844311330e+03 1.294552283397353904e+03
3.182947544910179658e+03 3.821630388390951794e+02
4.002161916167664913e+03 1.773756722151088297e+03
3.951210778443113668e+03 8.973828425096030514e+02
2.761351856287425107e+03 1.950832266325224055e+03
2.683426586826347375e+03 1.745744771660264632e+03
2.478622994011976061e+03 2.173927443448570102e+03
5.784452694610778281e+02 1.962837387964148547e+03
4.675516167664670775e+02 1.252534357661118293e+03
1.538524550898203643e+03 9.894221084080239734e+02
1.468591616766467212e+02 1.322564233888177569e+03
3.976186826347305328e+02 1.135484421681604772e+03
2.368728383233532895e+03 1.774757148954332024e+03
3.486656287425149912e+03 1.041444302176696510e+03
5.824414371257485072e+02 2.217946222791293167e+03
3.281852694610778599e+03 1.840785317968416621e+03
3.354782754491017840e+03 1.335569782330345788e+03
1.568495808383233452e+03 1.121478446436193053e+03
3.296838323353293276e+02 1.050448143405889823e+03
3.956205988023951932e+02 1.972841655996585587e+03
2.434665149700598704e+03 1.890806658130601818e+03
2.705405508982035826e+03 1.983846350832266353e+03
3.256876646706587053e+03 6.752880921895006168e+02
3.915245269461077896e+03 1.741743064447289953e+03
2.577528143712575002e+02 1.308558258642765622e+03
8.891473053892216285e+02 1.772756295347844798e+03
3.730422514970060092e+03 2.156920187793427431e+03
1.628438323353293526e+03 1.080460947503201169e+03
7.512795209580838218e+02 1.855791720017072294e+03
1.655412455089820469e+03 2.143914639351259211e+03
3.787367904191616617e+03 2.045872812633376043e+03
1.264787065868263426e+03 1.100469483568075248e+03
3.652497245508981905e+03 1.763752454118651258e+03
3.097029940119760340e+03 4.561946222791293621e+02
2.377719760479042179e+03 1.501640631668800779e+03
2.688421796407185866e+03 2.051875373452838176e+03
3.606541317365269606e+03 9.053862569355527512e+02
3.311823952095808636e+03 1.691721724285104528e+03
2.444655568862275686e+03 2.062880068288518942e+03
5.384835928143712636e+02 1.040443875373452784e+03
1.419638562874251420e+03 1.920819462227912936e+03
1.896181556886227554e+03 1.906813486982501217e+03
3.856301796407185520e+02 1.820776781903542542e+03
2.852264670658682462e+03 1.402598378147673884e+03
2.667441916167664999e+02 1.843786598378147801e+03
3.067058682634730644e+02 1.268541186513017465e+03
1.477582994011976098e+03 1.228524114383269307e+03
2.884234011976047896e+03 1.811772940674349229e+03
6.903379640718562769e+02 1.193509176269739783e+03
2.661447664670658924e+03 9.474041826717883623e+02
1.677391377245508920e+03 2.154919334186939977e+03
2.737374850299401032e+02 1.874799829278702646e+03
7.093197604790419746e+02 1.001427230046948353e+03
4.116052694610778531e+02 2.058878361075544035e+03
4.755439520958083790e+02 2.138912505335040805e+03
3.892267305389221747e+03 1.698724711907810615e+03
2.429669940119760668e+03 2.053876227059325629e+03
1.351703712574850215e+03 1.807771233461374322e+03
2.669440000000000055e+03 2.079887323943662068e+03
2.767346107784431410e+02 1.039443448570209057e+03
3.665484790419161527e+03 1.724735808792146827e+03
1.670398083832335260e+03 2.012858728126333745e+03
1.395661556886227572e+03 1.141486982501067132e+03
2.418680479041915987e+03 2.023863422962014511e+03
3.395743473053892103e+03 2.107899274434485960e+03
3.745408143712575111e+03 2.160921895006402337e+03
3.806349700598802315e+02 2.218946649594537121e+03
2.519583712574850324e+03 2.228950917626973933e+03
1.482578203592814361e+03 1.632696542893726019e+03
1.507554251497005907e+03 1.410601792573623698e+03
2.309784910179640974e+03 1.233526248399487940e+03
2.487614371257484891e+03 9.914229620145113131e+02
3.008115209580838382e+03 9.774169867690994806e+02
3.761392814371257373e+03 9.474041826717883623e+02
1.533529341317365379e+03 1.273543320529236098e+03
1.918160479041916062e+02 2.029865983781476871e+03
6.613657485029940517e+02 2.261965002134016231e+03
6.433829940119760522e+02 1.052448997012377276e+03
2.416682395209581045e+03 1.304556551429790943e+03
3.077049101796407058e+02 1.779759282970550657e+03
3.697454131736526961e+03 1.916817755014938257e+03
3.093033772455090002e+03 1.641700384122919331e+03
4.124045029940120003e+03 3.091318822023047233e+02
8.032297005988024239e+02 1.102470337174562474e+03
1.584480479041916169e+03 1.037442594963721831e+03
1.692377005988023939e+03 1.826779342723004675e+03
2.413685269461077951e+03 1.728737516005121734e+03
4.010154251497006044e+03 7.813333333333333712e+02
6.733542514970059756e+02 1.242530089628681253e+03
1.441617485029940099e+03 2.146915919760990164e+03
2.678431377245508884e+03 9.584088775074691284e+02
1.601464191616766584e+03 1.908814340588988443e+03
3.219912095808383128e+03 1.799767819035424736e+03
3.596550898203593079e+03 3.321416986769099822e+02
1.268783233532934219e+03 1.161495518565941211e+03
3.434706107784431424e+03 1.129481860862142639e+03
3.750403353293413147e+03 1.430610328638497776e+03
2.453646946107784515e+03 2.122905676483141178e+03
1.719351137724550881e+03 2.123906103286385132e+03
3.946215568862275518e+02 1.906813486982501217e+03
2.427671856287425271e+03 1.891807084933845545e+03
1.324729580838323272e+03 9.484046094750320890e+02
1.803270658682634803e+03 1.120478019632949326e+03
2.950170778443113704e+03 1.876800682885190099e+03
3.484658203592814516e+03 1.137485275288092225e+03
1.415642395209580854e+03 9.554075970977379484e+02
1.432626107784431269e+03 1.736740930431071320e+03
1.284767904191616708e+03 1.867796841655996559e+03
3.736416766467065827e+03 2.144915066154502711e+03
2.337758083832335387e+02 1.763752454118651258e+03
2.750362395209580882e+03 1.713731113956466061e+03
1.583481437125748471e+03 1.310559112249253076e+03
1.299753532934131727e+03 2.099895860008536147e+03
5.674558083832334887e+02 1.950832266325224055e+03
3.413726227544910216e+03 1.211516858728126408e+03
1.348706586826347404e+02 2.083889031156636975e+03
2.397700598802395291e+02 1.947830985915493102e+03
6.763513772455089565e+02 1.839784891165172894e+03
8.511837125748503468e+02 2.032867264191207823e+03
2.400697724550898329e+03 9.854204011950490667e+02
1.394662514970059874e+03 1.224522407170294628e+03
4.116052694610778531e+02 1.345574050362782828e+03
3.831325748502993974e+03 1.075458813486982535e+03
3.530614131736526815e+03 1.112474605206999513e+03
2.357738922155688783e+02 1.197510883482714462e+03
2.406691976047904063e+03 1.756749466495945398e+03
1.408649101796407194e+03 1.818775928297055088e+03
2.367729341317365197e+03 1.189507469056764876e+03
2.283809820359281275e+03 1.210516431924882681e+03
2.158929580838323545e+03 5.642407170294494563e+02
1.466593532934131872e+03 9.674127187366624412e+02
1.243807185628742445e+03 9.674127187366624412e+02
1.895182514970059856e+03 1.025437473324797338e+03
1.478582035928143796e+03 1.247532223644899659e+03
2.078007185628742661e+02 8.683704652155356598e+02
1.663404790419161600e+03 2.182931284677763415e+03
2.618488862275449264e+03 1.816775074690567635e+03
3.846311377245509107e+02 2.064880921895006395e+03
3.666483832335329680e+02 1.918818608621425483e+03
3.404734850299401387e+03 1.378588134869825126e+03
3.008115209580838382e+03 9.874212548015365201e+02
7.023264670658683144e+02 1.185505761843789969e+03
1.364691257485030064e+03 1.981845497225778900e+03
1.285766946107784406e+03 1.760751173708920305e+03
2.881236886227544801e+03 1.923820742637644116e+03
1.801272574850299407e+03 9.914229620145113131e+02
2.902216766467066009e+03 2.149917200170721571e+03
1.989092455089820305e+03 1.082461801109688395e+03
1.783289820359281521e+03 1.915817328211694530e+03
1.668400000000000034e+02 1.229524541186513034e+03
2.232858682634730485e+03 1.105471617584293654e+03
3.356780838323353464e+02 1.124479726845924006e+03
2.866251257485029782e+03 1.724735808792146827e+03
4.735458682634730394e+02 1.069456252667520403e+03
1.358697005988023875e+03 1.758750320102432852e+03
6.763513772455089565e+02 1.777758429364063204e+03
6.913370059880239751e+02 2.083889031156636975e+03
1.379676886227544856e+03 1.325565514297908749e+03
1.190857964071856259e+03 1.008430217669654326e+03
8.701655089820359308e+02 2.057877934272300536e+03
2.085000479041916151e+03 1.633696969696969745e+03
1.472587784431137834e+03 1.769755014938113618e+03
1.610455568862275413e+03 1.833782330345710761e+03
3.176953293413173469e+02 1.118477166026461873e+03
1.547515928143712699e+03 1.717732821169440967e+03
1.267784191616766520e+03 1.168498506188647070e+03
1.280771736526946142e+03 2.034868117797695277e+03
1.841234251497005971e+03 1.083462227912932121e+03
2.843273293413173633e+03 1.805770379854886869e+03
2.803311616766467068e+03 9.684131455399061679e+02
2.700410299401197790e+03 2.026864703371745691e+03
1.372683592814371195e+03 2.032867264191207823e+03
3.596550898203593079e+02 2.213944515578318260e+03
1.839236167664670802e+03 1.317562099871959163e+03
4.113055568862275322e+03 1.919819035424669210e+03
4.116052694610778531e+02 1.288549722577891544e+03
2.252839520958083995e+03 2.029865983781476871e+03
2.409689101796407158e+03 1.294552283397353904e+03
6.164088622754491098e+02 1.785761843790012790e+03
5.734500598802395643e+02 2.149917200170721571e+03
2.858258922155688651e+03 1.207515151515151501e+03
4.915286227544910389e+02 1.381589415279556079e+03
1.368687425149700516e+02 1.928822876653862522e+03
3.259873772455089693e+03 2.095894152795561240e+03
6.074174850299401669e+02 1.362581306017925726e+03
2.507595209580838400e+03 2.106898847631242006e+03
1.750321437125748616e+03 1.076459240290226262e+03
3.557588263473053757e+03 1.304556551429790943e+03
2.467633532934131892e+02 2.033867690994451550e+03
7.053235928143712954e+02 1.250533504054630839e+03
4.017147544910179931e+03 7.813333333333333712e+02
3.500642874251497233e+03 1.115475885616730693e+03
5.604625149700599422e+02 1.011431498079385392e+03
9.011358083832335524e+02 1.878801536491677325e+03
2.903215808383233707e+03 2.017860862142552378e+03
5.075132934131736420e+02 2.177929150661545009e+03
3.251881437125748562e+03 1.196510456679470735e+03
1.291761197604790368e+03 2.137912078531796851e+03
3.791364071856287410e+03 1.030439607341015744e+03
3.316819161676646672e+02 2.282973965002134264e+03
4.175995209580838150e+02 2.059878787878787989e+03
1.526536047904191719e+03 1.945830132309005648e+03
7.992335329341317163e+01 1.212517285531370135e+03
4.455726946107784556e+02 1.238528382415706346e+03
7.822498203592814434e+02 2.004855313700384158e+03
4.225947305389221356e+02 1.984846777635510080e+03
5.804433532934132245e+02 2.025864276568501964e+03
2.474626826347305268e+03 1.914816901408450804e+03
1.247803353293413238e+03 1.150490823730260445e+03
2.231859640718562787e+03 9.794178403755869340e+02
1.615450778443113904e+03 1.938827144686299789e+03
3.880278802395209823e+03 1.701725992317541568e+03
3.482660119760479120e+03 1.045446009389671417e+03
3.751402395209580845e+03 1.411602219376867424e+03
5.364855089820359808e+02 1.798767392232181010e+03
2.516586586826347229e+03 2.114902262057191820e+03
3.171958083832335433e+03 6.162629107981221068e+02
1.647420119760479110e+03 1.881802816901408505e+03
7.332967664670659360e+02 1.853790866410584840e+03
1.870206467065868310e+03 1.818775928297055088e+03
3.086040479041916115e+03 5.412309005548441974e+02
4.225947305389221356e+02 1.823778062313273722e+03
1.760311856287425144e+03 1.757749893299189125e+03
5.045161676646706610e+02 1.858793000426803246e+03
7.692622754491017645e+01 1.844787025181391527e+03
2.199890299401197808e+03 6.052582159624413407e+02
3.136991616766467246e+02 1.106472044387537380e+03
4.036129341317365515e+02 1.977843790012804220e+03
7.982344910179640465e+02 1.064454118651301769e+03
2.541562634730538775e+03 4.581954758856167587e+02
3.140987784431137698e+03 7.813333333333333712e+02
7.662651497005988404e+02 1.020435339308578818e+03
1.385671137724550817e+03 1.141486982501067132e+03
3.546598802395209873e+02 1.882803243704652232e+03
1.918160479041916233e+03 2.115902688860435319e+03
4.475707784431137952e+02 1.177502347417840383e+03
7.652661077844311421e+02 1.050448143405889823e+03
2.464636407185628741e+03 1.968839948783610907e+03
4.925276646706586803e+02 1.962837387964148547e+03
1.273778443113772482e+03 1.149490396927016718e+03
3.485657245508982214e+03 1.255535638070849473e+03
1.825249580838323482e+03 1.065454545454545496e+03
2.073011976047904227e+03 1.633696969696969745e+03
5.874366467065868846e+02 1.061452838241570589e+03
2.769344191616766693e+03 1.068455825864276676e+03
1.132913532934131808e+03 1.917818181818181984e+03
1.317736287425149612e+03 1.937826717883056062e+03
1.381674970059880252e+03 1.822777635510029995e+03
4.965238323353293595e+02 1.284548015364916864e+03
2.398699640718562932e+03 1.012431924882629119e+03
3.646502994011976170e+03 1.740742637644046226e+03
2.310783952095808218e+03 1.336570209133589515e+03
1.578486227544910207e+03 2.042871532223644863e+03
7.522785628742515200e+02 9.353990610328638695e+02
3.956205988023951932e+02 2.019861715749039831e+03
3.680470419161676546e+03 9.153905249679897906e+02
2.427671856287425101e+02 1.833782330345710761e+03
1.546516886227545001e+03 2.025864276568501964e+03
2.479622035928143760e+03 2.164923602219376789e+03
2.355740838323353273e+03 9.964250960307298328e+02
3.628520239520958057e+03 1.148489970123772991e+03
2.919200479041916424e+03 1.160495091762697484e+03
4.245928143712574752e+02 2.139912932138284305e+03
6.363897005988023921e+02 1.057451131028595910e+03
5.394826347305389191e+01 1.218519846350832267e+03
8.202134131736527252e+02 2.026864703371745691e+03
2.760352814371257409e+03 9.484046094750320890e+02
3.846311377245509107e+02 1.159494664959453758e+03
2.379717844311377121e+03 1.729737942808365460e+03
1.798275449101796539e+03 1.284548015364916864e+03
5.185027544910179813e+02 2.110900554844216913e+03
2.207882634730538882e+02 1.890806658130601818e+03
1.631435449101796394e+03 1.780759709773794384e+03
2.745367185628742391e+03 1.749746478873239539e+03
2.923196646706586762e+03 1.793765258215962604e+03
3.726426347305389299e+02 1.228524114383269307e+03
3.496646706586826440e+03 1.711730260349978607e+03
4.265908982035928148e+02 2.045872812633376043e+03
2.632475449101796585e+03 1.836783610755441714e+03
1.169878083832335278e+03 1.014432778489116572e+03
1.663404790419161600e+03 2.133910371318821944e+03
1.714355928143712617e+03 9.414016218523261159e+02
7.302996407185628414e+02 1.840785317968416621e+03
2.838278083832335597e+03 1.725736235595390553e+03
3.506637125748503081e+02 2.027865130174989417e+03
1.747324311377245522e+03 1.966839095177123454e+03
5.834404790419162055e+02 1.101469910371318747e+03
4.445736526946108143e+02 1.914816901408450804e+03
1.662405748502994129e+03 1.971841229193341860e+03
3.766388023952096091e+02 1.977843790012804220e+03
1.344710419161676782e+03 1.262538625693555332e+03
3.741411976047904318e+03 1.716732394366197241e+03
6.114136526946108461e+02 1.981845497225778900e+03
3.602545149700598813e+03 9.444029022620571823e+02
5.254960479041916415e+02 2.075885616730687161e+03
1.618447904191616772e+03 1.391593683311993118e+03
1.750321437125748616e+03 9.113888177550149976e+02
1.439619401197604930e+03 1.914816901408450804e+03
2.449650778443113722e+03 2.116903115663679273e+03
2.463637365269461043e+03 2.120904822876653725e+03
2.500601916167664513e+03 1.855791720017072294e+03
1.356698922155688706e+03 1.246531796841655932e+03
7.322977245508982378e+02 1.770755441741357345e+03
1.980101077844311476e+03 1.057451131028595910e+03
2.587518562874251529e+03 1.925821596244131570e+03
1.711358802395209523e+03 1.822777635510029995e+03
6.333925748502994111e+02 2.069883055911224801e+03
2.589516646706586926e+03 3.891660264618010956e+02
2.555549221556886096e+03 2.035868544600939003e+03
5.734500598802395643e+02 1.111474178403756014e+03
1.382674011976047950e+03 2.136911651728553352e+03
1.462597365269461079e+03 2.054876653862569583e+03
1.039003592814371331e+02 1.232525821596244214e+03
2.285807904191616672e+03 2.007856594110115338e+03
1.895182514970059856e+03 1.976843363209560493e+03
3.856301796407185520e+02 2.085889884763124428e+03
3.926234730538922122e+02 2.135911224925309398e+03
1.492568622754491116e+03 1.914816901408450804e+03
7.482823952095808409e+02 1.976843363209560493e+03
2.370726467065868292e+03 1.113475032010243240e+03
3.568577724550898438e+03 1.120478019632949326e+03
3.666483832335329680e+02 1.893807938540332998e+03
2.603503233532934246e+03 9.754161331626120273e+02
4.745449101796407376e+02 2.001854033290652978e+03
4.057109221556886496e+03 1.032440460947503198e+03
1.308744910179640783e+03 1.919819035424669210e+03
3.586560479041916096e+02 1.895808792146820451e+03
2.715395928143712808e+03 1.810772513871105502e+03
3.335800958083832484e+03 1.229524541186513034e+03
2.237853892215568976e+02 1.903812206572770037e+03
3.519624670658682589e+03 2.123906103286385132e+03
7.912411976047903863e+02 1.010431071276141779e+03
2.899219640718562914e+03 1.142487409304310859e+03
3.078048143712574984e+03 4.561946222791293621e+02
2.627480239520958207e+02 2.047873666239863496e+03
2.154933413173652752e+03 2.401024327784891170e+02
1.917161437125748535e+03 1.214518139137857588e+03
3.898261556886227481e+03 1.705727699530516475e+03
1.652415329341317374e+03 1.730738369611609187e+03
2.396701556886227536e+03 1.748746052069995812e+03
2.741371017964072053e+03 1.995851472471190846e+03
5.604625149700599422e+02 1.018434485702091365e+03
3.255877604790419355e+03 1.865795988049509333e+03
2.536567425149700739e+03 1.789763551002987697e+03
2.215874970059880070e+03 1.084462654716175848e+03
1.751320479041916087e+03 1.826779342723004675e+03
1.829245748502994047e+03 1.871798548868971466e+03
8.611741317365269879e+02 1.829780623132735855e+03
2.639468742514970018e+03 1.814774221084080409e+03
4.685506586826347188e+02 2.008857020913359065e+03
3.650499161676646963e+03 1.886804950917627139e+03
3.590556646706586889e+03 1.984846777635510080e+03
2.812302994011975898e+03 1.818775928297055088e+03
3.650499161676646963e+03 1.915817328211694530e+03
3.616531736526945906e+02 1.846787878787878753e+03
4.825372455089820392e+02 2.133910371318821944e+03
2.779334610778443221e+03 9.624105847204439215e+02
3.539605508982036099e+03 1.322564233888177569e+03
1.362693173652694668e+03 1.376587281263337672e+03
1.812262035928143860e+03 1.859793427230046973e+03
1.363692215568862366e+03 1.264539479300042785e+03
4.745449101796407376e+02 1.277545027742210777e+03
3.726426347305389299e+02 2.010857874519846519e+03
3.891268263473054049e+03 9.494050362782757020e+02
2.321773413173652898e+03 1.983846350832266353e+03
3.915245269461077896e+03 9.263952198036705568e+02
1.420637604790419118e+03 1.776758002560819477e+03
1.467592574850299343e+03 1.223521980367050901e+03
1.798275449101796539e+03 1.293551856594110177e+03
4.076091017964071739e+02 2.068882629107981302e+03
1.627439281437125828e+03 1.937826717883056062e+03
2.514588502994011833e+03 2.182931284677763415e+03
2.853263712574850160e+03 2.099895860008536147e+03
3.358778922155688633e+03 1.069456252667520403e+03
1.849226586826347329e+03 1.872798975672215192e+03
3.548596886227544928e+03 1.113475032010243240e+03
3.876282634730538916e+02 1.978844216816047947e+03
2.197892215568862184e+02 1.945830132309005648e+03
3.641507784431137679e+03 2.921246265471617676e+02
3.527617005988024175e+03 1.323564660691421295e+03
3.000122874251497251e+03 9.624105847204439215e+02
1.506555209580838437e+03 1.731738796414852914e+03
1.806267784431137670e+03 1.009430644472898052e+03
2.247844311377245504e+03 1.061452838241570589e+03
3.466675449101796403e+03 1.236527528809218893e+03
3.804351616766467032e+03 2.043871959026888590e+03
2.966155449101796421e+03 2.002854460093896705e+03
1.178869461077844392e+02 1.869797695262484012e+03
4.695497005988024171e+02 1.222521553563807174e+03
7.712603592814371041e+02 1.029439180537772017e+03
1.569494850299401151e+03 1.712730687153222334e+03
1.525537005988024021e+03 1.426608621425522870e+03
1.229820598802395125e+03 1.274543747332479825e+03
1.539523592814371341e+03 1.251533930857874566e+03
4.275899401197605130e+02 9.784174135723432073e+02
2.671438083832335451e+03 2.242956892872386106e+03
1.386670179640718516e+03 1.765753307725138711e+03
5.534692215568862821e+02 1.348575330772514008e+03
1.545517844311377303e+03 1.980845070422535173e+03
1.247803353293413238e+03 1.300554844216816036e+03
8.471875449101796676e+02 1.878801536491677325e+03
4.885314970059880579e+02 1.245531370038412433e+03
1.651416287425149676e+03 9.724148527528809609e+02
3.442698443113772555e+03 1.075458813486982535e+03
1.385671137724550817e+03 9.874212548015365201e+02
6.643628742514970327e+02 2.133910371318821944e+03
3.721431137724550808e+03 1.178502774221084110e+03
2.974147784431138007e+03 2.049874519846350722e+03
6.933350898203592578e+02 2.163923175416133290e+03
1.365690299401197535e+03 2.011858301323090018e+03
1.825249580838323482e+03 1.019434912505335092e+03
2.863254131736527142e+03 1.113475032010243240e+03
2.637470658682634621e+03 2.128908237302603538e+03
6.483782035928144296e+02 2.134910798122065898e+03
3.778376526946107788e+03 9.484046094750320890e+02
1.918160479041916062e+02 1.946830559112249375e+03
8.002325748502994429e+02 2.020862142552283558e+03
1.636430658682634657e+03 2.012858728126333745e+03
2.898220598802395216e+03 1.843786598378147801e+03
1.509552335329341304e+03 1.116476312419974420e+03
3.482660119760479120e+03 1.108472897994024834e+03
2.800314491017963974e+03 1.743743918053777179e+03
1.798275449101796539e+02 1.823778062313273722e+03
3.037087425149700834e+02 1.107472471190781107e+03
3.162966706586826604e+03 7.253094323516859276e+02
1.330723832335329462e+03 9.524063166880068820e+02
3.727425389221556998e+03 1.435612462654716182e+03
1.331722874251496933e+03 1.286548868971404318e+03
3.498644790419161836e+03 2.147916346564234118e+03
2.323771497005988294e+03 1.062453265044814316e+03
3.505638083832335269e+03 1.843786598378147801e+03
3.807348742514970127e+03 1.934825437473324882e+03
2.998124790419161855e+03 9.854204011950490667e+02
1.281770778443113841e+03 1.166497652582159617e+03
1.569494850299401151e+03 1.313560392658984256e+03
3.716435928143712886e+02 1.924821169440887843e+03
1.361694131736526970e+03 9.674127187366624412e+02
2.625482155688622697e+03 1.726736662398634280e+03
3.779375568862275486e+03 9.283960734101578964e+02
1.415642395209580854e+03 1.828780196329492128e+03
7.322977245508982378e+02 1.962837387964148547e+03
1.518543712574850360e+03 1.355578318395219867e+03
2.707403592814371223e+03 2.174927870251814056e+03
5.694538922155688851e+02 1.324565087494665022e+03
3.616531736526945906e+02 1.231525394793000487e+03
1.843232335329341367e+03 1.136484848484848499e+03
2.602504191616766548e+03 1.759750746905676579e+03
6.763513772455089565e+02 2.093893299189073787e+03
3.812343952095808618e+03 1.929823303457106249e+03
2.841275209580838236e+03 1.993850618864703392e+03
2.367729341317365197e+02 1.932824583866837429e+03
2.699411257485030092e+03 9.614101579172001948e+02
1.118926946107784488e+03 9.734152795561246876e+02
3.766388023952096091e+02 1.969840375586854634e+03
3.540604550898203797e+03 1.317562099871959163e+03
1.511550419161676700e+03 2.168925309432351696e+03
4.755439520958083790e+02 1.142487409304310859e+03
2.851265628742515219e+03 1.992850192061459666e+03
1.260790898203592860e+03 1.636698250106700925e+03
1.398658682634730610e+02 1.401597951344430157e+03
1.208840718562874372e+03 1.184505335040546242e+03
2.848268502994012124e+03 2.036868971404182730e+03
2.965156407185628723e+03 1.084462654716175848e+03
6.523743712574849951e+02 2.029865983781476871e+03
3.680470419161676546e+03 1.882803243704652232e+03
2.597508982035928398e+02 2.038869825010670183e+03
3.574571976047904172e+03 3.501493811352966645e+02
2.911208143712574838e+03 1.170499359795134524e+03
1.505556167664670738e+03 9.554075970977379484e+02
6.313944910179641283e+02 2.014859581732821198e+03
3.536608383233532891e+02 1.241529662825437526e+03
5.374845508982035653e+02 2.033867690994451550e+03
2.667441916167664999e+02 2.059878787878787989e+03
1.809264910179640765e+03 1.318562526675202889e+03
5.764471856287425453e+02 1.319562953478446389e+03
2.514588502994011833e+03 1.839784891165172894e+03
1.795278323353293445e+03 1.062453265044814316e+03
2.977144910179640647e+02 1.197510883482714462e+03
1.822252455089820387e+03 1.123479300042680279e+03
8.551798802395210259e+02 1.890806658130601818e+03
7.293005988023952568e+02 1.306557405036278396e+03
5.314902994011976034e+02 2.031866837387964324e+03
2.572532934131736511e+03 1.460623132735808895e+03
2.967154491017964233e+02 9.454033290653009090e+02
6.064184431137724687e+02 1.351576611182244960e+03
1.616449820359281375e+03 1.135484421681604772e+03
2.925194730538922158e+03 1.170499359795134524e+03
1.370685508982036026e+03 1.731738796414852914e+03
3.819337245508982051e+03 1.012431924882629119e+03
2.561543473053892285e+03 1.972841655996585587e+03
3.490652455089820251e+03 1.247532223644899659e+03
7.362938922155689170e+02 1.845787451984635254e+03
7.582728143712574820e+02 2.008857020913359065e+03
3.901258682634730576e+03 1.908814340588988443e+03
7.442862275449101617e+02 9.994263764404610129e+02
7.472833532934131426e+02 1.288549722577891544e+03
4.096071856287425135e+02 2.080887750746905567e+03
3.611536526946107642e+03 1.786762270593256517e+03
3.416723353293413084e+02 1.842786171574904074e+03
2.761351856287425107e+03 9.884216816047802467e+02
1.627439281437125828e+03 1.106472044387537380e+03
1.555508263473053830e+03 2.094893725992317741e+03
6.074174850299401669e+02 1.180503627827571563e+03
4.042123592814371477e+03 7.813333333333333712e+02
4.006158083832335137e+02 1.364582159624413180e+03
7.512795209580838218e+02 1.263539052496799059e+03
1.420637604790419118e+03 1.753748186086214218e+03
1.126919281437125846e+03 1.195510029876227009e+03
2.498603832335329571e+03 1.912816047801963350e+03
5.544682634730538666e+02 1.801768672641912190e+03
4.056110179640718911e+02 2.005855740503627885e+03
5.354864670658682826e+02 2.104897994024754553e+03
4.066100598802395325e+02 1.902811779769526311e+03
1.562501556886227490e+03 2.153918907383696023e+03
1.360695089820359271e+03 1.816775074690567635e+03
1.407650059880239496e+03 9.494050362782757020e+02
2.627480239520958094e+03 1.743743918053777179e+03
2.309784910179640974e+03 1.243530516431924980e+03
2.483618203592814552e+03 4.511924882629107856e+02
5.894347305389221674e+02 1.978844216816047947e+03
2.969152574850299516e+03 1.984846777635510080e+03
2.691418922155688506e+03 1.438613743064447362e+03
1.405651976047904327e+03 2.071883909517712254e+03
3.599548023952095718e+03 1.402598378147673884e+03
1.790283113772455181e+03 1.085463081519419575e+03
1.856219880239520990e+03 1.141486982501067132e+03
1.042999760479041925e+03 7.813333333333333712e+02
2.647461077844311603e+02 1.313560392658984256e+03
1.502559041916167644e+03 1.428609475032010323e+03
4.605583233532934173e+02 1.891807084933845545e+03
7.952373652694610655e+02 2.007856594110115338e+03
1.396660598802395270e+03 1.947830985915493102e+03
2.237853892215568976e+02 1.192508749466496056e+03
1.492568622754491116e+03 2.175928297055057556e+03
1.494566706586826285e+03 1.454620571916346535e+03
6.883398802395209941e+02 1.150490823730260445e+03
3.529615089820359572e+03 1.818775928297055088e+03
3.425714730538922140e+03 1.122478873239436552e+03
1.913165269461077969e+03 1.074458386683738809e+03
2.085000479041916151e+03 1.562666666666666742e+03
4.144025868263473058e+03 3.751600512163892631e+02
3.423716646706586744e+03 1.134483994878361045e+03
2.752360479041916278e+03 2.009857447716602792e+03
4.455726946107784556e+02 1.165497225778915890e+03
4.605583233532934173e+02 1.910815194195475897e+03
7.622689820359281612e+02 1.973842082799829313e+03
2.770343233532934391e+03 1.852790439607341114e+03
3.522621796407185684e+03 1.266540332906530239e+03
1.692377005988023939e+03 1.996851899274434572e+03
7.982344910179640465e+02 1.098468629961587794e+03
2.541562634730538775e+03 3.491489543320529378e+02
3.387751137724550972e+03 1.690721297481861029e+03
1.482578203592814361e+03 1.457621852326077715e+03
3.582564311377245758e+03 1.982845924029022626e+03
1.645422035928143714e+03 2.013859154929577471e+03
1.580484311377245604e+03 1.293551856594110177e+03
1.213835928143712636e+03 9.494050362782757020e+02
8.182153293413173287e+02 1.165497225778915890e+03
1.772300359281437068e+03 1.948831412718736829e+03
2.860257005988024048e+03 1.106472044387537380e+03
1.584480479041916169e+03 1.853790866410584840e+03
2.997125748502994043e+02 1.842786171574904074e+03
2.696414131736526997e+03 1.998852752880922026e+03
2.259832814371257427e+03 2.022862996158770784e+03
2.697413173652694809e+02 1.089464788732394481e+03
2.551553053892215758e+03 1.973842082799829313e+03
3.407731976047904482e+03 1.222521553563807174e+03
1.180867544910179731e+03 1.709729406743491381e+03
2.487614371257484891e+03 1.914816901408450804e+03
5.844395209580837900e+02 1.116476312419974420e+03
3.743410059880239714e+03 2.194936406316688135e+03
1.609456526946107715e+03 1.798767392232181010e+03
2.107978443113772471e+02 2.054876653862569583e+03
6.363897005988023921e+02 2.017860862142552378e+03
1.882194970059880234e+03 9.804182671788305470e+02
1.780292694610778426e+03 9.644114383269312611e+02
3.646502994011976170e+03 1.173500640204865704e+03
5.904337724550898656e+02 2.029865983781476871e+03
4.345832335329341163e+02 2.129908664105847492e+03
1.459600239520958212e+03 1.842786171574904074e+03
2.687422754491018168e+03 9.604097311139564681e+02
2.619487904191616963e+03 2.137912078531796851e+03
1.688380838323353430e+02 1.830781049935979581e+03
2.724387305389221638e+03 2.092892872385830287e+03
4.785410778443113600e+02 2.014859581732821198e+03
8.501846706586826485e+02 1.871798548868971466e+03
5.964280239520958276e+02 1.064454118651301769e+03
1.345709461077844253e+03 1.279545881348698231e+03
2.719392095808383147e+03 2.063880495091762896e+03
3.484658203592814516e+03 1.100469483568075248e+03
2.919200479041916424e+03 1.907813913785744944e+03
3.104023233532934228e+03 1.646702518139137965e+03
1.793280239520958048e+03 1.055450277422108456e+03
1.445613652694610892e+03 1.351576611182244960e+03
4.116052694610778417e+03 4.872078531796842071e+02
1.349705628742515046e+03 1.250533504054630839e+03
2.550554011976048059e+03 2.214944942381562214e+03
2.541562634730538775e+03 1.379588561673068853e+03
5.195017964071856795e+02 1.181504054630815290e+03
1.208840718562874372e+03 1.990849338454972212e+03
1.206842634730538975e+03 1.206514724711907775e+03
1.636430658682634657e+03 9.914229620145113131e+02
2.937183233532934423e+02 1.793765258215962604e+03
6.863417964071855977e+02 1.783760990183525564e+03
7.942383233532934810e+02 2.019861715749039831e+03
3.365772215568862521e+03 1.072457533077251355e+03
3.736416766467065827e+03 1.867796841655996559e+03
3.615532694610778435e+03 1.154492530943235124e+03
1.742329101796407258e+03 2.098895433205292647e+03
1.635431616766467187e+03 2.003854886897140432e+03
3.748405269461077751e+03 1.073457959880495082e+03
2.596509940119760358e+03 1.804769953051643142e+03
3.729423473053892394e+03 2.087890738369611881e+03
5.035171257485030196e+02 1.927822449850619023e+03
2.673436167664670847e+03 1.975842936406316767e+03
3.197933173652694677e+03 1.117476739223218146e+03
4.128041197604790796e+03 6.402731540759709787e+02
3.490652455089820251e+03 1.059451984635083363e+03
1.695374131736527033e+03 1.685719163465642396e+03
3.806349700598802315e+02 1.958835680751173868e+03
7.902421556886228018e+02 1.898810072556551404e+03
2.429669940119760668e+03 1.796766538625693556e+03
3.903256766467065972e+03 2.093893299189073787e+03
6.833446706586826167e+02 1.114475458813486966e+03
3.047077844311377248e+03 9.243943661971831034e+02
1.602463233532934055e+03 1.937826717883056062e+03
3.437703233532934064e+03 1.756749466495945398e+03
1.377678802395209686e+03 1.378588134869825126e+03
6.034213173652694877e+02 1.080460947503201169e+03
2.856260838323353255e+03 2.022862996158770784e+03
4.335841916167664749e+02 2.042871532223644863e+03
3.436704191616766479e+02 1.114475458813486966e+03
1.411646227544910289e+03 1.214518139137857588e+03
1.387669221556886214e+03 1.151491250533504171e+03
2.544559760479041870e+03 1.386591549295774712e+03
2.961160239520957930e+03 1.876800682885190099e+03
2.588517604790419227e+03 1.860793854033290700e+03
2.387710179640718593e+02 1.748746052069995812e+03
2.816299161676646690e+03 2.061879641485275442e+03
4.525659880239521158e+02 1.250533504054630839e+03
3.816340119760479297e+02 1.985847204438753806e+03
1.915163353293413138e+03 1.255535638070849473e+03
3.846311377245509107e+02 2.012858728126333745e+03
1.394662514970059874e+03 1.376587281263337672e+03
1.556507305389221528e+03 9.434024754588135693e+02
1.686382754491017977e+03 1.973842082799829313e+03
3.706445508982035790e+03 1.904812633376013764e+03
2.880237844311377103e+03 1.749746478873239539e+03
8.621731736526945724e+02 1.884804097311139685e+03
2.568536766467065718e+03 1.887805377720870638e+03
2.577528143712575002e+02 1.395595390524968025e+03
7.812507784431137452e+02 1.041444302176696510e+03
5.374845508982035653e+02 2.019861715749039831e+03
5.294922155688623207e+02 1.720734101579172147e+03
6.034213173652694877e+02 1.114475458813486966e+03
1.484576287425149758e+03 2.045872812633376043e+03
7.792526946107784624e+02 1.168498506188647070e+03
1.519542754491018059e+03 1.221521126760563448e+03
1.461598323353293381e+03 1.230524967989756760e+03
5.314902994011976034e+02 1.318562526675202889e+03
3.111016526946107660e+03 6.142620571916346535e+02
1.935144191616766420e+03 9.604097311139564681e+02
4.875324550898203597e+02 1.947830985915493102e+03
3.640508742514969981e+03 1.914816901408450804e+03
4.315861077844311353e+02 2.139912932138284305e+03
3.055070179640718834e+03 9.223935125906957637e+02
2.964157365269461025e+03 1.075458813486982535e+03
7.572737724550897838e+02 1.051448570209133550e+03
1.579485269461077905e+03 1.128481434058898913e+03
3.730422514970060092e+03 1.145488689714041811e+03
1.290762155688622670e+03 9.534067434912506087e+02
2.322772455089820596e+03 1.242530089628681253e+03
3.902257724550898274e+03 1.900810926163038857e+03
1.844231377245509066e+03 1.148489970123772991e+03
5.884356886227544692e+02 1.077459667093469989e+03
1.545517844311377303e+03 1.741743064447289953e+03
4.805391616766466996e+02 1.840785317968416621e+03
2.937183233532934423e+02 1.212517285531370135e+03
1.698371257485029901e+03 1.837784037558685441e+03
2.278814610778443239e+03 1.993850618864703392e+03
3.693457964071856168e+03 1.169498932991890797e+03
1.248802395209580851e+02 1.794765685019206103e+03
3.128999281437125774e+03 1.562666666666666742e+03
3.816340119760478956e+03 9.484046094750320890e+02
8.072258682634731031e+02 2.010857874519846519e+03
1.884193053892215630e+03 1.050448143405889823e+03
1.900177724550898347e+03 1.017434058898847638e+03
4.615573652694610587e+02 1.175501493811352930e+03
3.585561437125748398e+03 1.402598378147673884e+03
1.551512095808383265e+03 1.296553137003841357e+03
1.431627065868263571e+03 1.902811779769526311e+03
1.658409580838323336e+02 1.045446009389671417e+03
1.367688383233532932e+03 1.328566794707639929e+03
3.514629461077844553e+03 1.001427230046948353e+03
3.696455089820359490e+02 1.245531370038412433e+03
6.583686227544910707e+02 2.022862996158770784e+03
1.556507305389221528e+03 2.025864276568501964e+03
3.532612215568862212e+03 1.271542466922748645e+03
2.647461077844311603e+03 1.813773794280836682e+03
2.705405508982035826e+03 1.974842509603073040e+03
7.163130538922156347e+02 1.006429364063166872e+03
1.625441197604790432e+03 2.002854460093896705e+03
4.995209580838323404e+02 1.778758856167306931e+03
1.754317604790419182e+03 1.884804097311139685e+03
1.507554251497005907e+03 1.364582159624413180e+03
5.864376047904191864e+02 1.323564660691421295e+03
1.319734371257485009e+03 1.284548015364916864e+03
2.449650778443113722e+03 1.792764831412718877e+03
3.720432095808383110e+03 1.186506188647033696e+03
7.732584431137725005e+02 1.042444728979940237e+03
2.911208143712574838e+03 1.918818608621425483e+03
5.085123353293413402e+02 1.234526675202731667e+03
2.626481197604790395e+03 2.125906956892872586e+03
3.696455089820359262e+03 1.906813486982501217e+03
1.564499640718562887e+03 1.307557831839522123e+03
1.521540838323353228e+03 1.414603499786598377e+03
4.945257485029940199e+02 1.270542040119504918e+03
7.562747305389221992e+02 1.968839948783610907e+03
