3.498975634574890137e-01
3.499476313591003418e-01
3.500419259071350098e-01
3.501219749450683594e-01
3.503939211368560791e-01
3.504964113235473633e-01
3.505720198154449463e-01
3.505871593952178955e-01
3.505939245223999023e-01
3.506482541561126709e-01
3.507317006587982178e-01
3.507572114467620850e-01
3.507778048515319824e-01
3.511285483837127686e-01
3.511405885219573975e-01
3.511940836906433105e-01
3.512104749679565430e-01
3.513864874839782715e-01
3.514984250068664551e-01
3.515811562538146973e-01
3.517341911792755127e-01
3.519404232501983643e-01
3.520002067089080811e-01
3.520042002201080322e-01
3.522986769676208496e-01
3.525659143924713135e-01
3.525869548320770264e-01
3.526479899883270264e-01
3.527950048446655273e-01
3.528206646442413330e-01
3.528639078140258789e-01
3.529513776302337646e-01
3.529793024063110352e-01
3.529818952083587646e-01
3.529893755912780762e-01
3.530511558055877686e-01
3.530725538730621338e-01
3.530872762203216553e-01
3.531601428985595703e-01
3.532013595104217529e-01
3.533616960048675537e-01
3.536960780620574951e-01
3.537952303886413574e-01
3.538116514682769775e-01
3.541240990161895752e-01
3.543329238891601562e-01
3.543695509433746338e-01
3.545782268047332764e-01
3.545854985713958740e-01
3.547452092170715332e-01
3.547453582286834717e-01
3.550921976566314697e-01
3.551650047302246094e-01
3.551889359951019287e-01
3.553773760795593262e-01
3.553795814514160156e-01
3.553915023803710938e-01
3.554540872573852539e-01
3.555368483066558838e-01
3.561208546161651611e-01
3.561961650848388672e-01
3.563452959060668945e-01
3.563849031925201416e-01
3.564646840095520020e-01
3.565976917743682861e-01
3.569178879261016846e-01
3.570203483104705811e-01
3.570605814456939697e-01
3.570717871189117432e-01
3.572435975074768066e-01
3.575813770294189453e-01
3.577628731727600098e-01
3.577771186828613281e-01
3.577849566936492920e-01
3.578010201454162598e-01
3.581864237785339355e-01
3.583374917507171631e-01
3.583946228027343750e-01
3.586470186710357666e-01
3.587333858013153076e-01
3.589716255664825439e-01
3.590230047702789307e-01
3.590438067913055420e-01
3.590765893459320068e-01
3.591227233409881592e-01
3.593757152557373047e-01
3.594080805778503418e-01
3.599086105823516846e-01
3.600334227085113525e-01
3.602164685726165771e-01
3.602793216705322266e-01
3.607288300991058350e-01
3.607957363128662109e-01
3.610323071479797363e-01
3.610791563987731934e-01
3.611385524272918701e-01
3.612323105335235596e-01
3.613864183425903320e-01
3.614270687103271484e-01
3.614537417888641357e-01
3.616237044334411621e-01
3.617098629474639893e-01
3.617254793643951416e-01
3.617289662361145020e-01
3.618980646133422852e-01
3.619289696216583252e-01
3.619862198829650879e-01
3.620697259902954102e-01
3.620710372924804688e-01
3.620777130126953125e-01
3.621680438518524170e-01
3.621810972690582275e-01
3.622688353061676025e-01
3.623692989349365234e-01
3.624544739723205566e-01
3.624993562698364258e-01
3.625486791133880615e-01
3.627696037292480469e-01
3.630160689353942871e-01
3.630445897579193115e-01
3.630735874176025391e-01
3.631896376609802246e-01
3.632012903690338135e-01
3.632019162178039551e-01
3.632742166519165039e-01
3.633280992507934570e-01
3.634745478630065918e-01
3.635699748992919922e-01
3.637923896312713623e-01
3.638290464878082275e-01
3.640861213207244873e-01
3.641587495803833008e-01
3.643313348293304443e-01
3.643921613693237305e-01
3.645074665546417236e-01
3.646619915962219238e-01
3.650791347026824951e-01
3.650998175144195557e-01
3.651756048202514648e-01
3.651759922504425049e-01
3.651857376098632812e-01
3.652420341968536377e-01
3.656363487243652344e-01
3.658088147640228271e-01
3.658929467201232910e-01
3.658972084522247314e-01
3.659327626228332520e-01
3.660267889499664307e-01
3.662651777267456055e-01
3.662883341312408447e-01
3.663587272167205811e-01
3.664403259754180908e-01
3.664955496788024902e-01
3.665975332260131836e-01
3.667745590209960938e-01
3.667891919612884521e-01
3.668531775474548340e-01
3.669724464416503906e-01
3.670159578323364258e-01
3.670394122600555420e-01
3.670624792575836182e-01
3.674084544181823730e-01
3.675977587699890137e-01
3.677870631217956543e-01
3.677882254123687744e-01
3.679185211658477783e-01
3.679453730583190918e-01
3.679641783237457275e-01
3.683767616748809814e-01
3.685269653797149658e-01
3.685597777366638184e-01
3.685624003410339355e-01
3.686664402484893799e-01
3.687441647052764893e-01
3.687781095504760742e-01
3.688721358776092529e-01
3.689541518688201904e-01
3.690723478794097900e-01
3.694069981575012207e-01
3.694260418415069580e-01
3.694375157356262207e-01
3.696103990077972412e-01
3.697754442691802979e-01
3.698024153709411621e-01
3.699031174182891846e-01
3.699790239334106445e-01
3.700948059558868408e-01
3.701095283031463623e-01
3.701580762863159180e-01
3.702291548252105713e-01
3.705095946788787842e-01
3.705133795738220215e-01
3.707713484764099121e-01
3.708398640155792236e-01
3.709353804588317871e-01
3.711684048175811768e-01
3.714016377925872803e-01
3.715299069881439209e-01
3.715723156929016113e-01
3.716494739055633545e-01
3.716698586940765381e-01
3.718150854110717773e-01
3.719816803932189941e-01
3.720895051956176758e-01
3.721943795680999756e-01
3.722370862960815430e-01
3.722890615463256836e-01
3.723116219043731689e-01
3.724939227104187012e-01
3.727698028087615967e-01
3.727766275405883789e-01
3.729543983936309814e-01
3.730464279651641846e-01
3.732509613037109375e-01
3.733051419258117676e-01
3.733208179473876953e-01
3.734890520572662354e-01
3.739963471889495850e-01
3.741505742073059082e-01
3.741583228111267090e-01
3.743187487125396729e-01
3.743299245834350586e-01
3.745862841606140137e-01
3.749841451644897461e-01
3.750120401382446289e-01
3.751666545867919922e-01
3.751978874206542969e-01
3.752121031284332275e-01
3.753598928451538086e-01
3.756552338600158691e-01
3.756688237190246582e-01
3.757288157939910889e-01
3.757600784301757812e-01
3.758274614810943604e-01
3.758362531661987305e-01
3.758902549743652344e-01
3.758955001831054688e-01
3.761290609836578369e-01
3.761913478374481201e-01
3.762765228748321533e-01
3.764508962631225586e-01
3.764727115631103516e-01
3.764890730381011963e-01
3.765280842781066895e-01
3.766285479068756104e-01
3.768885433673858643e-01
3.773944675922393799e-01
3.775190711021423340e-01
3.776512145996093750e-01
3.778171539306640625e-01
3.782531023025512695e-01
3.782678842544555664e-01
3.782782256603240967e-01
3.784823417663574219e-01
3.785019814968109131e-01
3.785313665866851807e-01
3.785615861415863037e-01
3.786534965038299561e-01
3.787487745285034180e-01
3.787582516670227051e-01
3.788309097290039062e-01
3.788537085056304932e-01
3.788815438747406006e-01
3.790171742439270020e-01
3.790956735610961914e-01
3.791115581989288330e-01
3.794693350791931152e-01
3.795434832572937012e-01
3.795954585075378418e-01
3.796169459819793701e-01
3.797999322414398193e-01
3.798716366291046143e-01
3.799082636833190918e-01
3.800306320190429688e-01
3.802808523178100586e-01
3.804641067981719971e-01
3.806328177452087402e-01
3.807000219821929932e-01
3.807168602943420410e-01
3.809967339038848877e-01
3.810068368911743164e-01
3.810158967971801758e-01
3.811651170253753662e-01
3.814333081245422363e-01
3.814619779586791992e-01
3.815802335739135742e-01
3.816002905368804932e-01
3.818136155605316162e-01
3.819335401058197021e-01
3.820957243442535400e-01
3.823891878128051758e-01
3.824854493141174316e-01
3.826071023941040039e-01
3.826227188110351562e-01
3.827922344207763672e-01
3.827992379665374756e-01
3.829464316368103027e-01
3.829874694347381592e-01
3.831656873226165771e-01
3.832957148551940918e-01
3.833086192607879639e-01
3.833479285240173340e-01
3.834459781646728516e-01
3.834977746009826660e-01
3.837192356586456299e-01
3.838170170783996582e-01
3.841135799884796143e-01
3.841294050216674805e-01
3.842410743236541748e-01
3.842913508415222168e-01
3.843499422073364258e-01
3.844268023967742920e-01
3.846066892147064209e-01
3.846880793571472168e-01
3.847677409648895264e-01
3.848384022712707520e-01
3.849203884601593018e-01
3.849887549877166748e-01
3.850028216838836670e-01
3.850421309471130371e-01
3.851968944072723389e-01
3.853275477886199951e-01
3.855394423007965088e-01
3.855804502964019775e-01
3.857749104499816895e-01
3.858079314231872559e-01
3.858248889446258545e-01
3.859205543994903564e-01
3.859881460666656494e-01
3.860394656658172607e-01
3.860547542572021484e-01
3.862082660198211670e-01
3.862225115299224854e-01
3.863483071327209473e-01
3.864302635192871094e-01
3.866096436977386475e-01
3.868200480937957764e-01
3.869863152503967285e-01
3.870205581188201904e-01
3.871021866798400879e-01
3.871056735515594482e-01
3.871946930885314941e-01
3.872093558311462402e-01
3.872159719467163086e-01
3.874677717685699463e-01
3.874934911727905273e-01
3.876306116580963135e-01
3.876795470714569092e-01
3.878457844257354736e-01
3.884734213352203369e-01
3.884894251823425293e-01
3.889431655406951904e-01
3.890612423419952393e-01
3.892478644847869873e-01
3.894082903861999512e-01
3.895581960678100586e-01
3.896746039390563965e-01
3.898557722568511963e-01
3.899512887001037598e-01
3.900028169155120850e-01
3.900618553161621094e-01
3.902848660945892334e-01
3.905898034572601318e-01
3.906069099903106689e-01
3.906883895397186279e-01
3.906905055046081543e-01
3.910382688045501709e-01
3.912920951843261719e-01
3.913393616676330566e-01
3.913591504096984863e-01
3.915526270866394043e-01
3.917531073093414307e-01
3.917558193206787109e-01
3.919643461704254150e-01
3.920349180698394775e-01
3.922952413558959961e-01
3.923636674880981445e-01
3.923840522766113281e-01
3.925735056400299072e-01
3.926234543323516846e-01
3.926818966865539551e-01
3.929923772811889648e-01
3.930648565292358398e-01
3.931460678577423096e-01
3.933011591434478760e-01
3.933371007442474365e-01
3.936119675636291504e-01
3.937293589115142822e-01
3.938283324241638184e-01
3.938595652580261230e-01
3.940275013446807861e-01
3.940943181514739990e-01
3.941422998905181885e-01
3.944672644138336182e-01
3.945772349834442139e-01
3.946330845355987549e-01
3.946874439716339111e-01
3.949428796768188477e-01
3.958439528942108154e-01
3.960280418395996094e-01
3.963059484958648682e-01
3.964316248893737793e-01
3.966192305088043213e-01
3.966222107410430908e-01
3.967089653015136719e-01
3.967992365360260010e-01
3.968217074871063232e-01
3.969749510288238525e-01
3.970514237880706787e-01
3.970911800861358643e-01
3.975784778594970703e-01
3.976827263832092285e-01
3.977086544036865234e-01
3.978331387042999268e-01
3.978655338287353516e-01
3.979887068271636963e-01
3.980470895767211914e-01
3.981483876705169678e-01
3.983477652072906494e-01
3.984380066394805908e-01
3.987599611282348633e-01
3.988267481327056885e-01
3.990164697170257568e-01
3.993557393550872803e-01
3.993716537952423096e-01
3.994636833667755127e-01
3.995175063610076904e-01
3.995590507984161377e-01
3.997355103492736816e-01
3.998006582260131836e-01
3.998307883739471436e-01
3.998409509658813477e-01
3.998824357986450195e-01
4.001041054725646973e-01
4.001605808734893799e-01
4.003376066684722900e-01
4.004480540752410889e-01
4.006717503070831299e-01
4.007514417171478271e-01
4.007698297500610352e-01
4.009239971637725830e-01
4.009273648262023926e-01
4.012017250061035156e-01
4.012100994586944580e-01
4.013948440551757812e-01
4.014999568462371826e-01
4.015180468559265137e-01
4.015402495861053467e-01
4.016776084899902344e-01
4.016918838024139404e-01
4.018070101737976074e-01
4.018884599208831787e-01
4.019582867622375488e-01
4.020322263240814209e-01
4.021718502044677734e-01
4.021777212619781494e-01
4.023030698299407959e-01
4.031627178192138672e-01
4.031947255134582520e-01
4.033609032630920410e-01
4.037261605262756348e-01
4.037561714649200439e-01
4.037621021270751953e-01
4.039115607738494873e-01
4.039350152015686035e-01
4.039846360683441162e-01
4.040025770664215088e-01
4.040251970291137695e-01
4.044657349586486816e-01
4.045315682888031006e-01
4.046058952808380127e-01
4.046243131160736084e-01
4.046608209609985352e-01
4.046784639358520508e-01
4.050321280956268311e-01
4.052290916442871094e-01
4.054493606090545654e-01
4.054518043994903564e-01
4.054543375968933105e-01
4.055587053298950195e-01
4.059453606605529785e-01
4.059847593307495117e-01
4.060426056385040283e-01
4.061882197856903076e-01
4.065478742122650146e-01
4.066018760204315186e-01
4.068580567836761475e-01
4.069305658340454102e-01
4.071483314037322998e-01
4.071756899356842041e-01
4.073830246925354004e-01
4.074746370315551758e-01
4.076177477836608887e-01
4.077189266681671143e-01
4.077972769737243652e-01
4.078442752361297607e-01
4.079523384571075439e-01
4.082803130149841309e-01
4.082865417003631592e-01
4.083445370197296143e-01
4.086616337299346924e-01
4.088894724845886230e-01
4.089525043964385986e-01
4.091036319732666016e-01
4.094206392765045166e-01
4.095191061496734619e-01
4.098972082138061523e-01
4.099489450454711914e-01
4.100158512592315674e-01
4.102520048618316650e-01
4.105430543422698975e-01
4.105506241321563721e-01
4.108038544654846191e-01
4.109516441822052002e-01
4.110220074653625488e-01
4.111314713954925537e-01
4.113675057888031006e-01
4.116654098033905029e-01
4.119601547718048096e-01
4.120615422725677490e-01
4.122125506401062012e-01
4.124796688556671143e-01
4.125237762928009033e-01
4.125328958034515381e-01
4.125695824623107910e-01
4.126705229282379150e-01
4.127247333526611328e-01
4.127372801303863525e-01
4.134580790996551514e-01
4.134614169597625732e-01
4.134923219680786133e-01
4.138411581516265869e-01
4.141072034835815430e-01
4.147544503211975098e-01
4.148370325565338135e-01
4.152396321296691895e-01
4.153415262699127197e-01
4.154663085937500000e-01
4.156059920787811279e-01
4.156065583229064941e-01
4.156865179538726807e-01
4.157702922821044922e-01
4.160232543945312500e-01
4.164136946201324463e-01
4.167550802230834961e-01
4.168494641780853271e-01
4.170643389225006104e-01
4.171153306961059570e-01
4.172708690166473389e-01
4.173970222473144531e-01
4.174779355525970459e-01
4.175758957862854004e-01
4.176464378833770752e-01
4.177998006343841553e-01
4.179272949695587158e-01
4.179357290267944336e-01
4.179525971412658691e-01
4.182921350002288818e-01
4.183622300624847412e-01
4.184100627899169922e-01
4.185559451580047607e-01
4.186201095581054688e-01
4.186415076255798340e-01
4.187133908271789551e-01
4.191038012504577637e-01
4.191897511482238770e-01
4.192677140235900879e-01
4.194923639297485352e-01
4.198284447193145752e-01
4.199759960174560547e-01
4.200620949268341064e-01
4.201663732528686523e-01
4.202452600002288818e-01
4.202619791030883789e-01
4.204687476158142090e-01
4.205319285392761230e-01
4.205370545387268066e-01
4.206393957138061523e-01
4.207123219966888428e-01
4.207647144794464111e-01
4.207854270935058594e-01
4.207932949066162109e-01
4.208276271820068359e-01
4.209246039390563965e-01
4.209840893745422363e-01
4.210459589958190918e-01
4.211158752441406250e-01
4.211666882038116455e-01
4.213621318340301514e-01
4.213914573192596436e-01
4.214281439781188965e-01
4.215771257877349854e-01
4.218732714653015137e-01
4.223997890949249268e-01
4.226693212985992432e-01
4.228095412254333496e-01
4.229445755481719971e-01
4.229487478733062744e-01
4.232286214828491211e-01
4.233192503452301025e-01
4.233771264553070068e-01
4.234450757503509521e-01
4.235737919807434082e-01
4.235792756080627441e-01
4.236999452114105225e-01
4.243538081645965576e-01
4.245145022869110107e-01
4.248404800891876221e-01
4.250077009201049805e-01
4.252231717109680176e-01
4.253126084804534912e-01
4.254773557186126709e-01
4.255306422710418701e-01
4.256321191787719727e-01
4.257088005542755127e-01
4.261600077152252197e-01
4.261881113052368164e-01
4.262992143630981445e-01
4.264393150806427002e-01
4.265342950820922852e-01
4.265691339969635010e-01
4.266215860843658447e-01
4.266401529312133789e-01
4.268193542957305908e-01
4.273006021976470947e-01
4.273629486560821533e-01
4.273732304573059082e-01
4.278074800968170166e-01
4.278098046779632568e-01
4.278569221496582031e-01
4.283427894115447998e-01
4.284296929836273193e-01
4.289034307003021240e-01
4.292157590389251709e-01
4.293933510780334473e-01
4.295128583908081055e-01
4.301855862140655518e-01
4.308350384235382080e-01
4.309289753437042236e-01
4.309483468532562256e-01
4.309593439102172852e-01
4.312273263931274414e-01
4.312890768051147461e-01
4.321206510066986084e-01
4.321821928024291992e-01
4.323545098304748535e-01
4.327523708343505859e-01
4.328080713748931885e-01
4.328737854957580566e-01
4.333291351795196533e-01
4.338926970958709717e-01
4.341159462928771973e-01
4.343741834163665771e-01
4.345434606075286865e-01
4.348199069499969482e-01
4.350052773952484131e-01
4.353721141815185547e-01
4.354215264320373535e-01
4.354247152805328369e-01
4.355379045009613037e-01
4.355971515178680420e-01
4.358150362968444824e-01
4.358696937561035156e-01
4.359743297100067139e-01
4.359924793243408203e-01
4.360158443450927734e-01
4.360356926918029785e-01
4.361521303653717041e-01
4.363364279270172119e-01
4.364798069000244141e-01
4.367293417453765869e-01
4.370880126953125000e-01
4.373742341995239258e-01
4.375211894512176514e-01
4.380084872245788574e-01
4.380233585834503174e-01
4.381271302700042725e-01
4.381868243217468262e-01
4.389111101627349854e-01
4.389905035495758057e-01
4.392324090003967285e-01
4.393029808998107910e-01
4.395382106304168701e-01
4.400336444377899170e-01
4.400829672813415527e-01
4.405329525470733643e-01
4.407582879066467285e-01
4.407877027988433838e-01
4.408744871616363525e-01
4.411713182926177979e-01
4.412042796611785889e-01
4.420272111892700195e-01
4.420309662818908691e-01
4.420712888240814209e-01
4.421784579753875732e-01
4.423236250877380371e-01
4.424073100090026855e-01
4.424835145473480225e-01
4.425384402275085449e-01
4.429746270179748535e-01
4.430845081806182861e-01
4.432548284530639648e-01
4.435110986232757568e-01
4.436999559402465820e-01
4.438528716564178467e-01
4.441641271114349365e-01
4.446485638618469238e-01
4.448239803314208984e-01
4.448543190956115723e-01
4.453892409801483154e-01
4.454061388969421387e-01
4.455028176307678223e-01
4.457979798316955566e-01
4.458358287811279297e-01
4.458943307399749756e-01
4.459243118762969971e-01
4.462171196937561035e-01
4.475176930427551270e-01
4.487697482109069824e-01
4.488715231418609619e-01
4.490772187709808350e-01
4.491789638996124268e-01
4.499462842941284180e-01
4.505812525749206543e-01
4.509475231170654297e-01
4.511859118938446045e-01
4.514288604259490967e-01
4.517636597156524658e-01
4.518012404441833496e-01
4.518672227859497070e-01
4.520632624626159668e-01
4.521459043025970459e-01
4.522540569305419922e-01
4.525274336338043213e-01
4.527571201324462891e-01
4.527714848518371582e-01
4.528569877147674561e-01
4.529064297676086426e-01
4.531587958335876465e-01
4.532688260078430176e-01
4.533983170986175537e-01
4.534078240394592285e-01
4.535106718540191650e-01
4.535311460494995117e-01
4.535319209098815918e-01
4.535892009735107422e-01
4.535955786705017090e-01
4.538490772247314453e-01
4.538588523864746094e-01
4.541076421737670898e-01
4.542217850685119629e-01
4.543451070785522461e-01
4.544779062271118164e-01
4.551307559013366699e-01
4.551354348659515381e-01
4.551695883274078369e-01
4.553458094596862793e-01
4.562495648860931396e-01
4.567733108997344971e-01
4.569157660007476807e-01
4.578021764755249023e-01
4.580609202384948730e-01
4.582066535949707031e-01
4.594294726848602295e-01
4.597351551055908203e-01
4.598028361797332764e-01
4.605782926082611084e-01
4.607769846916198730e-01
4.608595967292785645e-01
4.610155820846557617e-01
4.612863361835479736e-01
4.613613188266754150e-01
4.616908133029937744e-01
4.619368016719818115e-01
4.619803130626678467e-01
4.623194932937622070e-01
4.623493552207946777e-01
4.627717137336730957e-01
4.627800881862640381e-01
4.631258249282836914e-01
4.633095264434814453e-01
4.636307656764984131e-01
4.638244211673736572e-01
4.638467431068420410e-01
4.639729261398315430e-01
4.640299975872039795e-01
4.643169343471527100e-01
4.643887579441070557e-01
4.643894135951995850e-01
4.646959602832794189e-01
4.647256135940551758e-01
4.649800360202789307e-01
4.649996161460876465e-01
4.652206897735595703e-01
4.658794105052947998e-01
4.663085937500000000e-01
4.668844342231750488e-01
4.674446880817413330e-01
4.678949117660522461e-01
4.686353802680969238e-01
4.687334299087524414e-01
4.688115417957305908e-01
4.689615964889526367e-01
4.690270423889160156e-01
4.691049456596374512e-01
4.691258370876312256e-01
4.696314036846160889e-01
4.699212908744812012e-01
4.700808525085449219e-01
4.705331325531005859e-01
4.713626503944396973e-01
4.713703691959381104e-01
4.714065492153167725e-01
4.716781973838806152e-01
4.719564020633697510e-01
4.727683663368225098e-01
4.734999835491180420e-01
4.736851751804351807e-01
4.738934636116027832e-01
4.742320775985717773e-01
4.742555916309356689e-01
4.751442968845367432e-01
4.751555919647216797e-01
4.754943251609802246e-01
4.769062995910644531e-01
4.772276282310485840e-01
4.773255586624145508e-01
4.775608181953430176e-01
4.775608181953430176e-01
4.776971340179443359e-01
4.777710735797882080e-01
4.785102307796478271e-01
4.786096215248107910e-01
4.787775576114654541e-01
4.799724519252777100e-01
4.800224304199218750e-01
4.802502095699310303e-01
4.803142249584197998e-01
4.808234870433807373e-01
4.810917377471923828e-01
4.812829494476318359e-01
4.819579422473907471e-01
4.822417497634887695e-01
4.822916686534881592e-01
4.823029339313507080e-01
4.826776981353759766e-01
4.836688339710235596e-01
4.839539527893066406e-01
4.841615855693817139e-01
4.845585525035858154e-01
4.850166738033294678e-01
4.853456914424896240e-01
4.857226014137268066e-01
4.857722818851470947e-01
4.862783551216125488e-01
4.862958192825317383e-01
4.864295423030853271e-01
4.865946769714355469e-01
4.870709180831909180e-01
4.871322214603424072e-01
4.872952699661254883e-01
4.873267114162445068e-01
4.878375232219696045e-01
4.893610775470733643e-01
4.900935590267181396e-01
4.906037151813507080e-01
4.909468293190002441e-01
4.910233318805694580e-01
4.910256862640380859e-01
4.910428524017333984e-01
4.917703568935394287e-01
4.922852814197540283e-01
4.925738871097564697e-01
4.927466809749603271e-01
4.927612543106079102e-01
4.927639663219451904e-01
4.932461678981781006e-01
4.932526051998138428e-01
4.936791062355041504e-01
4.943883717060089111e-01
4.948377311229705811e-01
4.952734708786010742e-01
4.955578446388244629e-01
4.956432878971099854e-01
4.961077272891998291e-01
4.966033101081848145e-01
4.968605041503906250e-01
4.975861608982086182e-01
4.975898861885070801e-01
4.977676272392272949e-01
4.977705180644989014e-01
5.002198815345764160e-01
5.004439353942871094e-01
5.004872083663940430e-01
5.005668997764587402e-01
5.023496150970458984e-01
5.024257302284240723e-01
5.028304457664489746e-01
5.028541684150695801e-01
5.042297840118408203e-01
5.043938159942626953e-01
5.067479610443115234e-01
5.072726607322692871e-01
5.089783668518066406e-01
5.093924403190612793e-01
5.097364187240600586e-01
5.097922086715698242e-01
5.104166865348815918e-01
5.112536549568176270e-01
5.114454627037048340e-01
5.124643445014953613e-01
5.125476121902465820e-01
5.134015083312988281e-01
5.134562849998474121e-01
5.141874551773071289e-01
5.147815942764282227e-01
5.148960947990417480e-01
5.150631666183471680e-01
5.151501297950744629e-01
5.156474709510803223e-01
5.157187581062316895e-01
5.162718296051025391e-01
5.194646120071411133e-01
5.197417140007019043e-01
5.203323364257812500e-01
5.208070278167724609e-01
5.209227800369262695e-01
5.213312506675720215e-01
5.213764905929565430e-01
5.226830244064331055e-01
5.227798223495483398e-01
5.239130258560180664e-01
5.250543951988220215e-01
5.254022479057312012e-01
5.279049277305603027e-01
5.292384028434753418e-01
5.293917059898376465e-01
5.296401381492614746e-01
5.298845171928405762e-01
5.303402543067932129e-01
5.306035876274108887e-01
5.309371948242187500e-01
5.311051607131958008e-01
5.316905975341796875e-01
5.318033695220947266e-01
5.323107838630676270e-01
5.331112146377563477e-01
5.339964628219604492e-01
5.343133807182312012e-01
5.345910787582397461e-01
5.346780419349670410e-01
5.351127386093139648e-01
5.354381799697875977e-01
5.354773402214050293e-01
5.368875861167907715e-01
5.369099378585815430e-01
5.370176434516906738e-01
5.375851988792419434e-01
5.379300713539123535e-01
5.382747054100036621e-01
5.413602590560913086e-01
5.421285033226013184e-01
5.428397059440612793e-01
5.437256693840026855e-01
5.439581871032714844e-01
5.449320077896118164e-01
5.453795194625854492e-01
5.472704172134399414e-01
5.477705597877502441e-01
5.478835105895996094e-01
5.493379235267639160e-01
5.501296520233154297e-01
5.501836538314819336e-01
5.537713766098022461e-01
5.542144179344177246e-01
5.554946660995483398e-01
5.573983788490295410e-01
5.579285025596618652e-01
5.581877827644348145e-01
5.589036941528320312e-01
5.620556473731994629e-01
5.643783211708068848e-01
5.652242898941040039e-01
5.660516619682312012e-01
5.665778517723083496e-01
5.682363510131835938e-01
5.696381330490112305e-01
5.704866647720336914e-01
5.708404183387756348e-01
5.715417861938476562e-01
5.737128853797912598e-01
5.738791227340698242e-01
5.749582648277282715e-01
5.751416087150573730e-01
5.758892893791198730e-01
5.816194415092468262e-01
5.846416354179382324e-01
5.859344005584716797e-01
5.877711176872253418e-01
5.890002846717834473e-01
5.912623405456542969e-01
5.945511460304260254e-01
5.969294905662536621e-01
6.002405881881713867e-01
6.011230349540710449e-01
6.014252305030822754e-01
6.071904301643371582e-01
6.160179972648620605e-01
6.207764744758605957e-01
6.216245293617248535e-01
6.216461062431335449e-01
6.226251721382141113e-01
6.321443319320678711e-01
6.330348253250122070e-01
6.335139870643615723e-01
6.364897489547729492e-01
6.396095156669616699e-01
6.406351327896118164e-01
6.433772444725036621e-01
6.603381037712097168e-01
6.620849967002868652e-01
6.763910055160522461e-01
6.813917160034179688e-01
6.935071349143981934e-01
