4.280504996940649107e+03 2.037219193020719558e+03
3.219371405262084409e+03 2.159352235550708883e+03
3.887825616969202656e+03 1.221330425299890976e+03
6.354811339995920889e+02 2.022202835332606355e+03
1.720595145829084231e+03 2.187382769901853862e+03
4.676181929430960736e+03 2.444663031624863379e+03
3.292311849887823882e+03 1.158261723009814659e+03
2.141251682643279764e+03 2.341550708833151475e+03
1.757564960228431573e+03 2.043225736095964976e+03
5.285684274933714732e+02 2.169363140676117837e+03
8.992657556598002202e+02 1.326444929116684762e+03
3.233359983683459177e+03 1.537675027262813501e+03
1.486786049357536285e+03 1.164268266085059850e+03
2.132259025086681959e+03 2.057241003271537465e+03
1.627671017744238270e+03 1.001090512540894224e+03
6.514680807668775060e+02 2.437655398037077248e+03
4.431381807056904108e+03 1.988165757906215731e+03
1.387866816234958378e+03 9.180000000000000000e+02
6.115007138486640770e+02 2.221419847328244032e+03
4.273510707729961723e+03 2.082268266085060077e+03
4.303486232918621681e+03 2.633869138495092557e+03
3.802894962267999290e+03 2.231430752453652985e+03
2.781728737507648475e+03 2.145336968375136166e+03
4.026712217009994220e+03 1.370492911668484112e+03
2.737764633897613749e+02 2.408623773173391328e+03
1.788539669590047083e+02 1.240351145038167942e+03
2.134257393432592380e+03 2.116305343511450246e+03
1.550733836426677726e+03 1.185291166848418698e+03
7.463905771976341157e+02 1.262375136314067504e+03
2.124265551703038909e+03 2.058242093784078406e+03
3.877833775239649185e+03 2.172366412213740205e+03
2.081300632265959848e+03 2.346556161395856179e+03
4.121634713440750602e+03 2.358569247546346560e+03
4.442372832959413245e+03 2.487709923664122016e+03
3.252344482969610453e+03 2.205402399127589888e+03
1.752569039363655065e+03 1.287402399127589888e+03
5.045880073424434045e+02 1.139241003271537465e+03
3.826875382418927529e+02 2.099286804798255162e+03
4.196573526412400668e+01 1.082178844056706566e+03
4.094656740770956731e+03 2.113302071973827424e+03
4.179587395472160097e+03 1.520656488549618189e+03
6.374795023455027376e+02 2.046229007633587798e+03
3.292311849887823882e+03 1.147249727371864765e+03
3.095472567815623279e+03 1.166270447110141731e+03
1.966394452376096297e+03 1.189295528898582234e+03
4.439375280440546703e+03 2.260462377317338905e+03
1.508768101162553648e+03 1.568708833151581075e+03
2.726773607995105067e+03 2.169363140676117837e+03
3.094473383642668068e+03 1.526663031624863606e+03
4.492332041607179235e+03 2.140331515812431917e+03
3.788906383846624522e+03 1.264377317339149386e+03
3.167413828268407087e+03 2.119308615049073069e+03
3.957768509076076043e+03 2.162355507088331251e+03
1.936418927187436338e+03 1.214322791712104618e+03
4.157605343667142733e+03 2.047230098146128512e+03
2.639844584947991279e+03 1.249360959651035955e+03
1.687622068121558414e+03 1.530667393675027142e+03
1.867475219253518389e+03 2.329537622682660640e+03
2.137254945951458467e+03 2.311517993456924614e+03
4.091659188252090644e+03 2.472693565976008813e+03
2.968576177850296062e+03 1.192298800436205056e+03
6.015088721191108334e+02 1.735890948745910464e+03
3.201386090148888798e+03 1.119219193020719786e+03
2.884644707322047907e+03 1.612756815703380425e+03
2.737764633897613749e+03 1.173278080697928090e+03
2.693800530287579022e+03 1.164268266085059850e+03
3.357258821129920534e+02 1.091188658669574579e+03
1.407850499694064865e+03 1.303419847328244259e+03
5.815251886600041189e+02 2.237437295528898630e+03
6.874387109932694102e+02 1.325443838604143821e+03
4.497327962471956198e+03 2.457677208287895155e+03
2.862662655517030544e+03 1.253365321701199491e+03
4.522307566795839193e+03 1.178283533260632339e+03
4.220553946563329191e+03 2.179374045801526790e+03
2.948592494391189121e+03 2.167360959651035955e+03
4.494330409953090566e+03 2.410625954198473210e+03
1.751569855190699627e+03 2.577808069792802598e+03
4.300488680399755140e+03 2.453672846237731846e+03
2.904628390781154394e+03 2.481703380588876826e+03
2.747756475627167219e+03 2.042224645583424035e+03
3.855851723434632277e+03 2.042224645583424035e+03
4.272511523557006512e+03 1.999177753544165625e+03
3.368249847032429443e+03 1.259371864776444909e+03
2.897634101570467010e+03 1.195302071973827651e+03
1.655648174586987579e+03 1.409535441657578986e+03
4.339456863145013813e+03 1.342462377317339133e+03
7.913538649806241665e+02 2.284488549618320576e+03
1.711602488272486426e+03 1.529666303162486201e+03
4.429383438710993687e+03 2.504728462377317101e+03
7.184134203548848063e+02 1.624769901853871261e+03
4.553282276157455271e+03 2.156348964013086061e+03
5.105831123801754075e+02 2.049232279171210394e+03
3.744942280236590250e+03 5.175637949836423104e+02
1.524755047929839066e+03 1.167271537622682672e+03
2.912621864164797444e+03 2.457677208287895155e+03
4.403404650214154572e+03 5.085539803707742408e+02
4.216557209871507439e+03 1.339459105779716310e+03
1.678629410564960381e+03 1.296412213740457901e+03
3.476161737711605383e+03 1.251363140676117837e+03
4.264518050173363918e+03 2.059243184296619347e+03
2.338090964715480311e+02 1.410536532170119926e+03
2.668820925963696027e+03 1.230340239912758989e+03
4.329465021415459887e+03 2.471692475463467872e+03
2.994554966347134723e+03 1.418545256270446998e+03
2.186214970426269701e+03 1.173278080697928090e+03
3.137438303079747129e+03 2.231430752453652985e+03
1.933421374668570479e+03 1.560700109051254003e+03
4.220553946563329191e+03 1.202309705561614010e+03
5.045880073424434045e+02 2.393607415485278125e+03
2.118270446665307190e+03 1.916087241003271401e+03
3.001549255557822107e+03 1.418545256270446998e+03
1.987377320008158449e+03 1.164268266085059850e+03
2.008360187640220374e+03 1.127227917121046858e+03
4.369432388333673771e+03 2.074259541984732550e+03
2.959583520293697802e+03 1.270383860414394803e+03
3.003547623903732529e+03 2.120309705561614010e+03
1.934420558841525690e+03 1.313430752453653213e+03
5.525488476442994852e+02 1.270383860414394803e+03
3.657014073016520683e+02 2.379592148309705408e+03
4.139620028553947122e+03 1.135236641221373930e+03
5.595431368549867557e+02 1.277391494002180934e+03
2.042332449520701630e+03 1.195302071973827651e+03
3.282320008158270412e+03 1.422549618320610534e+03
1.749571486844788978e+03 1.212320610687022963e+03
1.459808076687742187e+03 9.180000000000000000e+02
3.967760350805629514e+03 2.086272628135223385e+03
2.580892718743626574e+03 1.240351145038167942e+03
1.633666122781970216e+03 2.038220283533260499e+03
3.393229451356312438e+03 2.051234460196292275e+03
1.458808892514786976e+03 1.254366412213740432e+03
3.317291454211707332e+03 2.086272628135223385e+03
2.148245971853966978e+02 2.140331515812431917e+03
1.744575565980012243e+03 2.585816793893129670e+03
2.889640628186824415e+03 2.144335877862595225e+03
1.612683255149908291e+03 1.064159214830970541e+03
3.996736691821334261e+03 2.079264994547437254e+03
4.018718743626351625e+03 1.139241003271537465e+03
2.139253314297368888e+03 2.046229007633587798e+03
5.815251886600041189e+02 2.263465648854961728e+03
4.398408729349378518e+03 1.124224645583424262e+03
4.194575158066490076e+03 2.190386041439476685e+03
3.381239241280848546e+03 2.452671755725190906e+03
1.563723230675097057e+03 2.419635768811341222e+03
4.285500917805425161e+03 2.052235550708833216e+03
4.544289618600856556e+03 1.388512540894220137e+03
1.577711809096471598e+03 1.110209378407851545e+03
3.008543544768509037e+03 2.103291166848418470e+03
4.066679583928207649e+03 1.558697928026172349e+03
8.622959412604528779e+02 1.932104689203925773e+03
2.807707526004487136e+03 2.508732824427480864e+03
8.363171527636141036e+02 1.409535441657578986e+03
1.846492351621456464e+03 2.474695747001090240e+03
1.822511931470528452e+03 2.277480916030534445e+03
1.550733836426677726e+03 1.419546346782987939e+03
4.070676320620028946e+03 2.397611777535441433e+03
4.540292881909035714e+03 1.374497273718647648e+03
2.688804609422802514e+03 1.368490730643402230e+03
6.354811339995920889e+02 2.456676117775354214e+03
4.039701611258413323e+03 2.308514721919301792e+03
3.352262900265143799e+03 1.172276990185387149e+03
2.959583520293697802e+03 2.162355507088331251e+03
1.968392820722006945e+03 2.237437295528898630e+03
2.860664287171119668e+03 2.537764449291166784e+03
3.005545992249643405e+03 7.408069792802616575e+02
4.262519681827452587e+03 2.267470010905125491e+03
2.147246787681011938e+03 2.358569247546346560e+03
1.418841525596573661e+02 2.323531079607415450e+03
4.471349173975117083e+03 2.216414394765539782e+03
6.664558433612074850e+02 2.039221374045801440e+03
4.042699163777279409e+03 2.367579062159214573e+03
3.091475831123801981e+03 5.566063249727371840e+02
4.615231694880685609e+03 2.084270447110141504e+03
4.291496022843157334e+03 1.400525627044710973e+03
1.473796655109116955e+03 2.196392584514721875e+03
4.326467468896594255e+03 2.180375136314067731e+03
3.862846012645319206e+03 2.304510359869138483e+03
3.287315929023047261e+02 2.423640130861504986e+03
4.082666530695492838e+03 2.118307524536532128e+03
2.846675708749745354e+03 1.513648854961832058e+03
4.308482153783397735e+03 1.395520174482006496e+03
3.921797878849683912e+03 2.375587786259542099e+03
4.053690189679788091e+03 1.164268266085059850e+03
4.176589842953293896e+02 1.120220283533260499e+03
2.068311238017540290e+03 2.260462377317338905e+03
1.968392820722006945e+03 1.321439476553980285e+03
2.730770344686926364e+03 2.335544165757906285e+03
4.556279828676320903e+03 1.386510359869138483e+03
2.557911482765653943e+02 1.155258451472191837e+03
4.377425861717316366e+03 2.130320610687022963e+03
2.987560677136447111e+02 1.480612868047982602e+03
4.240537630022435224e+03 2.458678298800436096e+03
4.295492759534979086e+03 2.384597600872410112e+03
1.868474403426473600e+02 1.235345692475463466e+03
2.713784213746685964e+03 2.254455834242093715e+03
4.152609422802365771e+03 1.186292257360959638e+03
3.182401590862737066e+03 2.179374045801526790e+03
1.811520905568019771e+03 1.209317339149400141e+03
3.966761166632674303e+03 1.378501635768811184e+03
1.005179277993065512e+03 2.152344601962922297e+03
3.968759534978584725e+03 2.284488549618320576e+03
4.013722822761574662e+03 1.175280261723009744e+03
2.555913114419743124e+03 1.158261723009814659e+03
2.957585151947787381e+02 1.163267175572519136e+03
2.850672445441566651e+03 1.073169029443838554e+03
4.342454415663879445e+03 1.986163576881134077e+03
2.894636549051601378e+03 1.595738276990185341e+03
1.904445033652865732e+03 2.068252998909487360e+03
4.518310830104018351e+03 2.018198473282442592e+03
6.095023455027534283e+02 2.290495092693565766e+03
4.231544972465837418e+03 2.314521264994547437e+03
1.139069957169080283e+02 2.233432933478734867e+03
3.750937385274321969e+03 1.238348964013086061e+03
2.107279420762798509e+03 2.048231188658669453e+03
4.557279012849276114e+03 2.228427480916030618e+03
1.811520905568019771e+03 2.260462377317338905e+03
4.256524576789720982e+02 2.387600872410032480e+03
3.475162553538650172e+03 2.368580152671755513e+03
1.883462166020803807e+03 1.301417666303162378e+03
3.157421986538854071e+03 2.117306434023991187e+03
4.456361411380787558e+02 1.097195201744819997e+03
1.844493983275545588e+03 2.431648854961832058e+03
2.919616153375484373e+03 1.603747001090512413e+03
3.957768509076076043e+03 1.506641221374045699e+03
1.857483377523964919e+03 2.331539803707742522e+03
3.215374668570263111e+03 2.252453653217011833e+03
3.262336324699163924e+03 1.359480916030534217e+03
4.092658372425046309e+03 2.270473282442747859e+03
7.633767081378748571e+02 2.048231188658669453e+03
6.494697124209667436e+02 2.228427480916030618e+03
5.615415052008974044e+02 2.411627044711014150e+03
3.347266979400367291e+02 2.284488549618320576e+03
1.688621252294513624e+03 1.119219193020719786e+03
1.989375688354069098e+03 2.255456924754634656e+03
3.903812563736488300e+03 1.124224645583424262e+03
4.377425861717316366e+03 2.206403489640130829e+03
4.196573526412400952e+02 2.382595419847328230e+03
1.991374056699979747e+03 1.282396946564885411e+03
3.231361615337548756e+03 1.397522355507088378e+03
3.258339588007342627e+03 1.268381679389312922e+03
2.983563940444626041e+03 1.335454743729552774e+03
3.233359983683459177e+03 1.445574700109051264e+03
3.199387721802977921e+03 1.457587786259541872e+03
3.891822353661023953e+03 2.271474372955288800e+03
2.061316948806852906e+03 2.078263904034896314e+03
4.567270854578829130e+03 1.985162486368593136e+03
3.517128288802774136e+02 2.017197382769901878e+03
3.216373852743218777e+03 2.152344601962922297e+03
3.985745665918825580e+03 2.071256270447110182e+03
2.910623495818886568e+03 2.087273718647764326e+03
5.825243728329594433e+02 2.276479825517993504e+03
1.657646542932898228e+03 2.363574700109051264e+03
5.725325311034060860e+02 2.269472191930206918e+03
2.457993065470120371e+02 2.145336968375136166e+03
3.327283295941260803e+03 1.193299890948745769e+03
1.918433612074240273e+03 2.427644492911668294e+03
1.688621252294513624e+03 1.342462377317339133e+03
1.538743626351213720e+02 1.330449291166848298e+03
1.882462981847848368e+03 2.070255179934569242e+03
8.233277585151947733e+02 2.332540894220283462e+03
4.186581684682847481e+03 2.296501635768811411e+03
3.835868039975525335e+03 2.044226826608505917e+03
4.037703242912502901e+03 2.345555070883315238e+03
2.712785029573730299e+03 1.191297709923664115e+03
1.928425453803793630e+02 2.245446019629225702e+03
4.049693452987966793e+03 2.331539803707742522e+03
7.184134203548848063e+02 2.401616139585605197e+03
4.123633081786661023e+03 1.566706652126499421e+03
4.390415255965735923e+03 1.691842966194111114e+03
5.355627167040587437e+02 2.188383860414394803e+03
4.369432388333673771e+03 2.430647764449291117e+03
2.888641444013869204e+03 1.217326063249727213e+03
3.833869671629614913e+03 2.173367502726281145e+03
3.920798694676728701e+03 2.209406761177753651e+03
3.147430144809300714e+02 1.409535441657578986e+03
2.157238629410564954e+03 1.233343511450381584e+03
3.984746481745869914e+03 2.339548527808069593e+03
2.848674077095655775e+03 1.353474372955289027e+03
2.725774423822149856e+03 2.482704471101417766e+03
5.465537426065674254e+02 1.372495092693565994e+03
7.833603915969814580e+02 2.015195201744819997e+03
4.448367937997144509e+03 1.171275899672846208e+03
4.400407097695288940e+03 1.264377317339149386e+03
5.865211095247807407e+02 2.485707742639040134e+03
4.153608606975321891e+03 2.077262813522355373e+03
3.263335508872119135e+03 2.218416575790621664e+03
2.720778502957373348e+03 1.254366412213740432e+03
1.577711809096471598e+03 1.420547437295528880e+03
5.885194778706913894e+02 2.237437295528898630e+03
4.207564552314909633e+03 1.091188658669574579e+03
7.284052620844381636e+02 2.404619411123228019e+03
6.564640016316541278e+02 1.201308615049073069e+03
2.108278604935753719e+03 1.268381679389312922e+03
2.944595757699367823e+03 2.175369683751363027e+03
2.070309606363451167e+03 1.153256270447110182e+03
4.082666530695492838e+03 2.322529989094874509e+03
6.095023455027534709e+01 1.297413304252998842e+03
4.161602080358964486e+03 2.487709923664122016e+03
1.436826840709769613e+03 1.399524536532170032e+03
1.863478482561697092e+03 2.495718647764449088e+03
3.102466857026310663e+03 2.149341330425299930e+03
4.121634713440750602e+03 1.161264994547437254e+03
3.016537018152152086e+03 2.477699018538713062e+03
4.382421782582092419e+03 2.156348964013086061e+03
4.123633081786661023e+03 1.920091603053434937e+03
4.147613501937589717e+03 1.560700109051254003e+03
3.325284927595349927e+03 1.548687022900763395e+03
1.696614725678156219e+03 2.218416575790621664e+03
2.898633285743422675e+03 2.030211559432933427e+03
4.422389149500306303e+03 2.497720828789530970e+03
1.467801550071385009e+03 1.347467829880043610e+03
5.515496634713441608e+02 1.275389312977099280e+03
2.912621864164797444e+03 2.188383860414394803e+03
4.032707322047725938e+03 1.392516902944383901e+03
2.829689577809504499e+03 2.067251908396946419e+03
2.895635733224556589e+03 2.113302071973827424e+03
2.947593310218233910e+03 2.293498364231188589e+03
4.196573526412400497e+03 2.072257360959651123e+03
5.205749541097287647e+02 1.116215921483096963e+03
3.995737507648378596e+03 2.051234460196292275e+03
1.472797470936161517e+03 2.068252998909487360e+03
2.000366714256577779e+03 2.044226826608505917e+03
5.155790332449521429e+02 2.059243184296619347e+03
1.689620436467469062e+03 1.107206106870228950e+03
4.965945339588007528e+02 2.378591057797164467e+03
4.255525392616765203e+03 1.548687022900763395e+03
4.302487048745666470e+03 2.420636859323882163e+03
2.016353661023862969e+03 1.195302071973827651e+03
4.185582500509892270e+03 2.141332606324972858e+03
1.807524168876198246e+03 2.270473282442747859e+03
4.200570263104222249e+03 2.280484187568156813e+03
2.867658576381807052e+03 2.263465648854961728e+03
1.541741178870079693e+03 1.301417666303162378e+03
4.592250458902713035e+03 1.279393675027262816e+03
4.189579237201713113e+03 1.520656488549618189e+03
1.873470324291250336e+03 2.268471101417666432e+03
4.036704058739547349e+02 2.163356597600872192e+03
4.192576789720579654e+03 1.592735005452562746e+03
1.444820314093412208e+03 1.140242093784078406e+03
8.622959412604528779e+02 2.252453653217011833e+03
2.881647154803181820e+03 1.322440567066521226e+03
4.165598817050785328e+03 2.048231188658669453e+03
2.958584336120742591e+03 2.290495092693565766e+03
2.778731184988782388e+03 1.158261723009814659e+03
6.824427901284927884e+02 2.264466739367502669e+03
5.085847440342647587e+02 2.374586695747001158e+03
8.692902304711401484e+02 2.155347873500545120e+03
3.018535386498062508e+03 2.200396946564885184e+03
2.871655313073628349e+03 1.099197382769901878e+03
4.410398939424841956e+03 2.291496183206106707e+03
1.884461350193759017e+03 2.168362050163576896e+03
4.039701611258413323e+03 1.388512540894220137e+03
2.716781766265552051e+03 2.321528898582333568e+03
3.978751376708138196e+03 2.347557251908396665e+03
2.110276973281664596e+03 2.140331515812431917e+03
4.167597185396695750e+03 1.240351145038167942e+03
4.606239037324087349e+02 1.279393675027262816e+03
1.608686518458086994e+02 2.228427480916030618e+03
4.182584947991025729e+03 2.036218102508178845e+03
1.868474403426473600e+03 1.239350054525627002e+03
2.801712420966755417e+03 1.264377317339149386e+03
4.199571078931267039e+03 2.099286804798255162e+03
3.194391800938201413e+03 2.118307524536532128e+03
4.671186008566184682e+03 2.163356597600872192e+03
2.937601468488680439e+03 2.220418756815703091e+03
3.011541097287375123e+03 2.114303162486368365e+03
2.602874770548643937e+03 1.164268266085059850e+03
3.813885988170507972e+03 5.255725190839694960e+02
1.990374872527024309e+03 1.110209378407851545e+03
5.335643483581480950e+02 1.111210468920392486e+03
2.928608810932082633e+03 2.217415485278080723e+03
6.994289210687334162e+02 2.080266085059978195e+03
2.801712420966755417e+03 1.105203925845147069e+03
1.706606567407709690e+03 1.187293347873500579e+03
3.007544360595554167e+02 2.287491821155943398e+03
2.862662655517030544e+03 1.264377317339149386e+03
2.278139914338160565e+02 2.170364231188658778e+03
1.832503773200081696e+03 1.291406761177753424e+03
1.707605751580664901e+03 1.283398037077426352e+03
4.057686926371609388e+03 2.345555070883315238e+03
4.262519681827452587e+03 1.989166848418756672e+03
1.367883132775851664e+03 1.401526717557251914e+03
4.611234958188863857e+03 2.062246455834242170e+03
3.257340403834387530e+02 1.439568157033805846e+03
7.773652865592495118e+02 2.158351145038167942e+03
2.210195390577197941e+03 2.221419847328244032e+03
2.841679787884968391e+03 1.345465648854961728e+03
1.818515194778706928e+03 1.274388222464558339e+03
2.099285947379155914e+03 2.068252998909487360e+03
4.046695900469100593e+02 2.026207197382769891e+03
4.119636345094840181e+03 2.169363140676117837e+03
7.383971038139915208e+02 2.066250817884405478e+03
4.221553130736284402e+03 2.068252998909487360e+03
4.005729349377932067e+03 1.266379498364231040e+03
6.304852131348154671e+02 2.135326063249727213e+03
2.492964511523557121e+03 3.964318429661940968e+02
2.948592494391189121e+03 2.095282442748091398e+03
4.054689373852743302e+03 1.180285714285714221e+03
2.747756475627167219e+03 1.205312977099236605e+03
3.272328166428717395e+03 1.415541984732824403e+03
1.313927187436263694e+03 5.736248636859323824e+02
1.931423006322659603e+03 1.215323882224645558e+03
3.260337956353253503e+03 2.066250817884405478e+03
1.709604119926575549e+03 2.217415485278080723e+03
4.464354884764430608e+03 2.545773173391493856e+03
4.121634713440750602e+03 1.239350054525627002e+03
8.483073628390781096e+02 2.241441657579061939e+03
1.959400163165409140e+03 2.530756815703380653e+03
2.025346318580461002e+03 1.125225736095964976e+03
4.415394860289618919e+03 4.534940021810250528e+02
4.654199877625943373e+03 1.391515812431842960e+03
3.118453803793595853e+03 5.455943293347872896e+02
4.504322251682643582e+03 2.082268266085060077e+03
1.688621252294513624e+03 2.044226826608505917e+03
4.566271670405874374e+02 1.158261723009814659e+03
8.013457067101775237e+02 2.197393675027262816e+03
2.054322659596165522e+03 2.108296619411123174e+03
4.134624107689170160e+03 2.252453653217011833e+03
6.754485009178055179e+02 2.054237731733914643e+03
2.927609626759127423e+03 4.645059978189748904e+02
3.098470120334489366e+03 5.405888767720828127e+02
7.393962879869468452e+02 2.083269356597600563e+03
1.755566591882520925e+03 1.277391494002180934e+03
2.999550887211911231e+03 1.427555070883315011e+03
4.440374464613501914e+03 1.264377317339149386e+03
2.901630838262288762e+03 1.065160305343511482e+03
1.776549459514583077e+03 1.288403489640130829e+03
5.495512951254333984e+02 2.413629225736096032e+03
3.079485621048338089e+03 5.325801526717557408e+02
2.275142361819294365e+03 2.203400218102508006e+03
1.881463797674892930e+03 1.479611777535441661e+03
1.849489904140322324e+03 1.564704471101417539e+03
2.558910666938609211e+03 6.697295528898581551e+02
1.646655517030389547e+03 2.210407851690294137e+03
4.267515602692229550e+03 1.536673936750272560e+03
2.837683051193147094e+03 1.508643402399127581e+03
3.932788904752192593e+03 2.233432933478734867e+03
1.662642463797674964e+03 1.173278080697928090e+03
3.904811747909443511e+03 2.235435114503816749e+03
1.816516826432796279e+03 2.571801526717556953e+03
4.574265143789516515e+03 2.405620501635768505e+03
3.796899857230267230e+02 2.381594329334787290e+03
2.918616969202529162e+03 1.190296619411123174e+03
3.282320008158270412e+03 1.169273718647764326e+03
4.261520497654497376e+03 2.463683751363140800e+03
1.864477666734652303e+03 2.205402399127589888e+03
2.965578625331429976e+03 4.655070883315157744e+02
2.728771976341015943e+03 1.388512540894220137e+03
2.306117071180909988e+03 1.893062159214830899e+03
3.762927595349785861e+03 3.453762268266085016e+02
1.872471140118295125e+03 2.314521264994547437e+03
3.277324087293493903e+03 1.395520174482006496e+03
3.799897409749133203e+03 1.337456924754634656e+03
2.913621048337752654e+03 1.324442748091603107e+03
2.040334081174790981e+03 1.310427480916030390e+03
4.089660819906180222e+03 2.339548527808069593e+03
3.542107893126657473e+03 1.901070883315157971e+03
7.344003671221701097e+02 1.381504907306434006e+03
4.280504996940649107e+03 1.161264994547437254e+03
2.947593310218233910e+03 1.487620501635768733e+03
4.694167244544157256e+03 2.211408942202835078e+03
4.590252090556802614e+03 2.110298800436205056e+03
3.125448093004283237e+03 2.499723009814612851e+03
2.057320212115031609e+03 1.147249727371864765e+03
1.819514378951662366e+03 2.388601962922573421e+03
7.064232102794208004e+02 2.090276990185387149e+03
1.961398531511319788e+03 2.141332606324972858e+03
4.113641240057108007e+03 2.365576881134133146e+03
4.018718743626351625e+03 2.062246455834242170e+03
7.473897613705894400e+02 2.088274809160305267e+03
4.418392412808484551e+03 1.428556161395855952e+03
2.408033856822353869e+02 2.323531079607415450e+03
1.514763206200285595e+03 2.072257360959651123e+03
4.095655924943911941e+03 2.145336968375136166e+03
7.623775239649195328e+02 2.060244274809160288e+03
3.557095655720987111e+02 2.335544165757906285e+03
1.891455639404446401e+03 1.414540894220283462e+03
5.015904548235774314e+02 2.029210468920392486e+03
1.648653885376300252e+02 1.340460196292257251e+03
4.525305119314705735e+03 1.266379498364231040e+03
2.739763002243524625e+03 1.091188658669574579e+03
5.795268203140934702e+02 1.542680479825517978e+03
2.898633285743422675e+03 2.011190839694656461e+03
2.002365082602488428e+03 1.435563794983642310e+03
4.128629002651437986e+03 1.381504907306434006e+03
2.006361819294309726e+03 1.194300981461286710e+03
4.178588211299204886e+03 2.489712104689203898e+03
7.503873138894555268e+02 1.133234460196292275e+03
3.948775851519478238e+03 2.308514721919301792e+03
4.402405466041199361e+03 1.454584514721919277e+03
2.907625943300020481e+03 2.117306434023991187e+03
2.155240261064654533e+03 2.224423118865866854e+03
5.015904548235774314e+02 2.266468920392584550e+03
8.692902304711401484e+02 2.162355507088331251e+03
2.994554966347134723e+03 1.313430752453653213e+03
1.632666938609015006e+03 2.435653217011995366e+03
2.126263920048949785e+03 2.111299890948745997e+03
4.549285539465633519e+03 1.371494002181025053e+03
2.581891902916581785e+03 1.084181025081788448e+03
6.964313685498674431e+02 2.084270447110141504e+03
2.094290026514378951e+03 1.173278080697928090e+03
2.811704262696308433e+03 1.205312977099236605e+03
2.893637364878645712e+03 2.341550708833151475e+03
4.005729349377932067e+03 2.071256270447110182e+03
3.235358352029370053e+03 1.361483097055616099e+03
3.160419539057720158e+03 2.241441657579061939e+03
3.299306139098511267e+03 1.153256270447110182e+03
4.654199877625943373e+03 1.383507088331515661e+03
1.588702834998980222e+02 1.118218102508178845e+03
5.725325311034060860e+02 2.398612868047982374e+03
4.339456863145013813e+03 1.514649945474372998e+03
3.402222108912910699e+03 2.060244274809160288e+03
2.703792372017132493e+03 1.452582333696837395e+03
4.480341831531715798e+03 2.415631406761177459e+03
4.036704058739547349e+02 2.221419847328244032e+03
1.858482561696920357e+03 1.139241003271537465e+03
7.623775239649195328e+02 2.077262813522355373e+03
1.613682439322863729e+03 1.537675027262813501e+03
2.894636549051601378e+03 1.243354416575790538e+03
3.970757903324495601e+03 2.250451472191929952e+03
1.632666938609015006e+03 1.400525627044710973e+03
3.971757087497450811e+03 2.359570338058887501e+03
4.000733428513155559e+03 1.186292257360959638e+03
2.098286763206200249e+03 2.028209378407851545e+03
4.679179481949827277e+03 2.165358778625954074e+03
3.791903936365490608e+03 2.923184296619410816e+02
2.467984907199673899e+02 2.026207197382769891e+03
3.181402406689781856e+03 1.124224645583424262e+03
4.046695900469100707e+03 2.349559432933478547e+03
1.887458902712625104e+03 1.142244274809160288e+03
3.327283295941260803e+02 1.107206106870228950e+03
2.807707526004487136e+03 2.029210468920392486e+03
4.547287171119723098e+03 2.319526717557251686e+03
4.142617581072812754e+03 1.460591057797164694e+03
4.337458494799102482e+03 2.141332606324972858e+03
6.564640016316541278e+02 1.217326063249727213e+03
1.680627778910871029e+03 2.073258451472192064e+03
6.874387109932694102e+02 2.069254089422028301e+03
4.407401386905976324e+03 3.944296619411123288e+02
1.763560065266163747e+03 1.126226826608505917e+03
8.193310218233734759e+02 1.406532170119956390e+03
4.506320620028554345e+02 2.461681570338058918e+03
4.149611870283500139e+03 1.482615049073064256e+03
3.180403222516826645e+03 2.302508178844056602e+03
4.242535998368346554e+03 2.045227917121046858e+03
7.993473383642668750e+02 1.105203925845147069e+03
4.012723638588619451e+03 2.192388222464558112e+03
3.806891698959820474e+02 2.107295528898582234e+03
2.856667550479298370e+03 2.163356597600872192e+03
1.558727309810320321e+03 1.172276990185387149e+03
4.200570263104222249e+03 2.055238822246455584e+03
2.867658576381807052e+03 2.148340239912758989e+03
2.736765449724658538e+03 1.284399127589967293e+03
2.991557413828268636e+03 2.352562704471101370e+03
1.991374056699979747e+03 1.261374045801526563e+03
1.855485009178054270e+03 2.080266085059978195e+03
3.396227003875178525e+03 1.217326063249727213e+03
2.952589231083010418e+03 2.179374045801526790e+03
1.954404242300632404e+03 2.228427480916030618e+03
4.247531919233122608e+03 1.077173391494002090e+03
3.225366510299816582e+03 1.272386041439476458e+03
6.005096879461553954e+02 2.186381679389312922e+03
4.860031817254742236e+03 1.932104689203925773e+03
1.305933714052620871e+03 1.636782988004362096e+03
4.536296145217213962e+03 2.198394765539803757e+03
4.138620844380991912e+03 1.195302071973827651e+03
3.247348562104833718e+02 1.394519083969465555e+03
4.157605343667142733e+03 1.482615049073064256e+03
1.675631858046094294e+03 1.240351145038167942e+03
7.883563124617581934e+02 1.361483097055616099e+03
4.188580053028757902e+03 1.145247546346782883e+03
3.303302875790332564e+03 1.144246455834241942e+03
4.149611870283500139e+03 1.634780806979280214e+03
1.826508668162349750e+03 2.570800436205016467e+03
8.892739139302467777e+01 1.105203925845147069e+03
3.356259636956965096e+03 1.295411123227916960e+03
4.351447073220477250e+03 1.205312977099236605e+03
1.958400978992453645e+02 1.144246455834241942e+03
2.750754028146033306e+03 2.049232279171210394e+03
4.497327962471956198e+03 2.355565976008724192e+03
2.974571282888027781e+03 2.189384950926935744e+03
5.245716908015500621e+02 2.061245365321701229e+03
3.979750560881093406e+03 1.310427480916030390e+03
6.574631858046094521e+02 2.210407851690294137e+03
1.788539669590046969e+03 1.199306434023991187e+03
4.030708953701815517e+03 2.113302071973827424e+03
2.958584336120742591e+03 1.631777535441657619e+03
4.316475627167041239e+03 2.416632497273718400e+03
4.033706506220681604e+03 2.368580152671755513e+03
7.733685498674281007e+02 2.430647764449291117e+03
3.065497042626963321e+03 1.109208287895310832e+03
2.857666734652254036e+03 1.488621592148309674e+03
4.251528655924944360e+03 1.231341330425299930e+03
2.837683051193147321e+02 2.268471101417666432e+03
4.341455231490924234e+03 2.298503816793892838e+03
2.148245971853967148e+03 2.313520174482006496e+03
3.961765245767897341e+03 2.133323882224645331e+03
1.643657964511523687e+03 1.403528898582333568e+03
1.708604935753620339e+03 1.100198473282442592e+03
4.294493575362023876e+03 1.383507088331515661e+03
4.706157454619620921e+02 1.150252998909487360e+03
4.346451152355701197e+03 7.858560523446019488e+02
4.535296961044258751e+03 1.223332606324972630e+03
4.121634713440750602e+03 2.312519083969465555e+03
2.135256577605547591e+03 2.107295528898582234e+03
4.528302671833571367e+03 1.230340239912758989e+03
3.377242504589027590e+02 2.377589967284623526e+03
1.822511931470528452e+03 2.429646673936750176e+03
4.422389149500306303e+03 2.176370774263903968e+03
2.886643075667958328e+03 1.344464558342420787e+03
4.105647766673465412e+03 1.524660850599781725e+03
2.448001223740567127e+02 2.061245365321701229e+03
2.923612890067305671e+03 1.113212649945474368e+03
3.043514990821945958e+03 7.958669574700109024e+02
1.895452376096267699e+03 1.277391494002180934e+03
4.529301856006526577e+03 2.297502726281352352e+03
4.402405466041199361e+03 1.422549618320610534e+03
2.659828268407097767e+03 1.313430752453653213e+03
3.167413828268407201e+02 1.515651035986913712e+03
4.337458494799102482e+03 2.180375136314067731e+03
4.130627370997348407e+03 2.130320610687022963e+03
4.137621660208035792e+03 1.474606324972737184e+03
4.589252906383846494e+03 2.012191930207197402e+03
2.153241892718743657e+03 2.242442748091602880e+03
3.112458698755864134e+03 2.117306434023991187e+03
4.491332857434224024e+03 2.280484187568156813e+03
2.907625943300020481e+03 1.191297709923664115e+03
3.112458698755864134e+03 1.343463467829880074e+03
4.007727717723842943e+03 1.324442748091603107e+03
1.475795023455027604e+03 1.110209378407851545e+03
4.431381807056904108e+03 2.434652126499454425e+03
4.287499286151336491e+03 1.153256270447110182e+03
2.909624311645931357e+03 2.316523446019629318e+03
4.186581684682847481e+03 2.182377317339149158e+03
2.056321027942076398e+03 1.225334787350054512e+03
3.113457882928819345e+03 1.147249727371864765e+03
4.022715480318172922e+03 1.387511450381679424e+03
2.720778502957373348e+03 1.105203925845147069e+03
3.346267795227412080e+03 1.102200654307524474e+03
4.189579237201713113e+03 2.103291166848418470e+03
5.355627167040587437e+02 1.208316248636859200e+03
1.966394452376096297e+03 2.062246455834242170e+03
4.383420966755048539e+03 1.283398037077426352e+03
4.217556394044462650e+03 1.092189749182115520e+03
2.998551703038956020e+03 1.066161395856052195e+03
3.048510911686722466e+03 1.526663031624863606e+03
1.808523353049153570e+02 2.124314067611777318e+03
7.593799714460534460e+02 2.038220283533260499e+03
2.873653681419539225e+03 1.268381679389312922e+03
4.476345094839894045e+03 2.528754634678298771e+03
3.009542728941464702e+03 1.779938931297709814e+03
3.726956965123393957e+02 2.459679389312977037e+03
1.895452376096267699e+03 2.268471101417666432e+03
1.963396899857230437e+03 1.212320610687022963e+03
2.909624311645931357e+03 2.011190839694656461e+03
1.987377320008158449e+03 1.463594329334787290e+03
4.333461758107281639e+03 2.175369683751363027e+03
2.046329186212523155e+03 2.051234460196292275e+03
4.130627370997348407e+03 1.176281352235550685e+03
4.079668978176626752e+03 2.091278080697928090e+03
4.276508260248827355e+03 2.093280261723009517e+03
8.513049153579441963e+02 1.341461286804798192e+03
4.401406281868244150e+03 1.282396946564885411e+03
3.120452172139506729e+03 1.139241003271537465e+03
4.736132979808280652e+02 1.263376226826608445e+03
1.891455639404446401e+03 1.297413304252998842e+03
4.039701611258413323e+03 1.527664122137404547e+03
1.687622068121558414e+03 2.028209378407851545e+03
1.765558433612074396e+03 1.117217011995637904e+03
2.031341423618192948e+03 1.198305343511450246e+03
1.920431980420150921e+03 2.557786259541984691e+03
3.970757903324495601e+03 2.053236641221374157e+03
6.964313685498674431e+02 1.516652126499454653e+03
2.795717315929023243e+03 1.102200654307524474e+03
1.751569855190699627e+03 1.179284623773173280e+03
3.517128288802774136e+02 2.350560523446019488e+03
1.778547827860493726e+03 1.160263904034896314e+03
3.119452987966551063e+03 1.380503816793893066e+03
2.039334897001835770e+03 2.133323882224645331e+03
3.150427697328166687e+03 1.479611777535441661e+03
4.013722822761574662e+03 1.260372955288985850e+03
3.051508464205588552e+03 4.094460196292257024e+02
4.090660004079135433e+03 1.459589967284623754e+03
4.419391596981439761e+03 1.120220283533260499e+03
1.779547012033448937e+03 2.137328244274809094e+03
1.976386294105649768e+03 1.197304252998909533e+03
4.141618396899857544e+03 1.570711014176662957e+03
3.177405669997960445e+02 1.341461286804798192e+03
4.549285539465633519e+03 2.178372955288985850e+03
1.975387109932694329e+03 1.204311886586695664e+03
1.519759127065062330e+03 2.135326063249727213e+03
2.005362635121354288e+03 1.350471101417666205e+03
2.645839689985722998e+03 1.313430752453653213e+03
3.102466857026310663e+03 1.137238822246455811e+03
4.513314909239241388e+03 2.468689203925845050e+03
4.173592290434427923e+03 1.250362050163576896e+03
4.122633897613705813e+03 1.152255179934569242e+03
7.154158678360188333e+02 2.004183206106870102e+03
3.424204160717928062e+03 2.348558342420937606e+03
3.617046706098307141e+02 2.257459105779716538e+03
2.719779318784417683e+03 2.290495092693565766e+03
1.824510299816439101e+03 1.188294438386041293e+03
1.939416479706302425e+03 1.116215921483096963e+03
4.180586579645115307e+03 2.467688113413304109e+03
2.136255761778503256e+03 1.334453653217011833e+03
4.313478074648174697e+03 2.060244274809160288e+03
4.034705690393636814e+03 2.473694656488549299e+03
6.085031613297981039e+02 2.217415485278080723e+03
2.056321027942076398e+03 2.052235550708833216e+03
1.917434427901285062e+03 1.419546346782987939e+03
6.904362635121354970e+02 1.125225736095964976e+03
3.279322455639404780e+03 1.178283533260632339e+03
4.206565368141954195e+02 2.396610687022900493e+03
1.994371609218845606e+03 1.428556161395855952e+03
4.219554762390373071e+03 1.194300981461286710e+03
3.141435039771568427e+03 1.479611777535441661e+03
4.352446257393432461e+03 2.087273718647764326e+03
4.846043238833367468e+02 2.066250817884405478e+03
2.743759738935345922e+03 1.278392584514721875e+03
5.845227411788700920e+02 2.254455834242093715e+03
4.477344279012849256e+03 2.060244274809160288e+03
1.612683255149908291e+03 1.550689203925845050e+03
3.946777483173567589e+02 1.661810250817884253e+03
4.535296961044258751e+03 2.023203925845147069e+03
2.006361819294309726e+03 1.116215921483096963e+03
3.329281664287171225e+03 1.115214830970556022e+03
3.045513359167856379e+03 1.444573609596510323e+03
3.133441566387925832e+03 1.469600872410032707e+03
4.176589842953294465e+03 2.142333696837513344e+03
4.453363858861921472e+03 2.454673936750272333e+03
6.504688965939220680e+02 1.387511450381679424e+03
9.072592290434428151e+02 2.070255179934569242e+03
3.204383642667754430e+03 1.512647764449291117e+03
3.071492147664695040e+03 1.517653217011995594e+03
4.086663267387314136e+03 2.147339149400218048e+03
2.828690393636549288e+03 2.176370774263903968e+03
1.499775443605955616e+03 2.186381679389312922e+03
5.235725066285947378e+02 2.366577971646673632e+03
4.440374464613501914e+03 1.532669574700109024e+03
5.015904548235774314e+02 1.100198473282442592e+03
2.619860901488884338e+03 1.223332606324972630e+03
2.050325922904344225e+03 1.325443838604143821e+03
3.018535386498062508e+03 4.394787350054525632e+02
1.967393636549051735e+03 2.167360959651035955e+03
4.254526208443809992e+03 1.416543075245365344e+03
4.394411992657556766e+03 2.510735005452562746e+03
1.907442586171731591e+03 1.114213740458015309e+03
3.085480726086069808e+03 1.321439476553980285e+03
4.207564552314909633e+03 2.182377317339149158e+03
1.928425453803793630e+02 1.201308615049073069e+03
1.573715072404650300e+03 1.574715376226826493e+03
2.865660208035896630e+03 2.166359869138495014e+03
4.856035080562920712e+02 1.297413304252998842e+03
1.751569855190699627e+03 1.067162486368593136e+03
4.200570263104222249e+03 2.010189749182115520e+03
4.246532735060167738e+02 2.292497273718647648e+03
2.527935957576993928e+02 1.135236641221373930e+03
4.366434835814807229e+03 1.280394765539803757e+03
7.953506016724454639e+02 1.573714285714285552e+03
5.345635325311034194e+02 1.368490730643402230e+03
1.930423822149704392e+03 2.369581243184296454e+03
1.990374872527024309e+03 2.451670665212649965e+03
4.326467468896594255e+03 1.363485278080697981e+03
4.081667346522537628e+03 1.599742639040348877e+03
4.571267591270650883e+03 2.412628135223555091e+03
3.165415459922496666e+03 1.508643402399127581e+03
7.084215786253314491e+02 1.337456924754634656e+03
1.798531511319600327e+02 2.190386041439476685e+03
7.723693656944727763e+02 1.265378407851690326e+03
2.078303079747093761e+03 1.160263904034896314e+03
4.087662451560269346e+03 2.391605234460196243e+03
1.861480114215786443e+03 1.243354416575790538e+03
2.947593310218233910e+03 1.530667393675027142e+03
1.493780338568223669e+03 2.189384950926935744e+03
3.107462777891087171e+03 1.387511450381679424e+03
3.541108708953701807e+03 1.924095965103598701e+03
4.454363043034876682e+03 2.144335877862595225e+03
4.535296961044258751e+03 2.234434023991275808e+03
4.396410361003467187e+03 2.004183206106870102e+03
1.881463797674892930e+03 1.987164667393675018e+03
4.578261880481338267e+03 2.110298800436205056e+03
2.855668366306343160e+03 1.123223555070883322e+03
1.578710993269427036e+03 2.391605234460196243e+03
3.942780746481746064e+03 2.162355507088331251e+03
7.583807872730981217e+02 2.417633587786259341e+03
6.404770548643688244e+02 2.138329334787350035e+03
1.898449928615133786e+03 1.062157033805888659e+03
4.153608606975321891e+03 2.402617230098146138e+03
2.737764633897613749e+03 2.453672846237731846e+03
1.856484193351009708e+03 2.318525627044710745e+03
8.423122578013461634e+02 1.220329334787350035e+03
4.726141138078727408e+02 2.411627044711014150e+03
3.076488068529472002e+03 1.317435114503816749e+03
4.420390781154395881e+03 1.419546346782987939e+03
4.494330409953090566e+03 2.515740458015266995e+03
2.735766265551703327e+03 1.329448200654307357e+03
3.126447277177238448e+03 4.214591057797164240e+02
1.661643279624719753e+03 1.225334787350054512e+03
1.513764022027330384e+03 1.241352235550708883e+03
3.103466041199265874e+03 1.551690294438385990e+03
4.559277381195186535e+03 2.236436205016357690e+03
2.932605547623903931e+03 1.127227917121046858e+03
1.695615541505201008e+03 2.448667393675027142e+03
7.563824189271874729e+02 1.932104689203925773e+03
4.182584947991025729e+03 1.189295528898582234e+03
1.963396899857230437e+03 1.197304252998909533e+03
3.067495410972873742e+03 1.057151581243184182e+03
4.056687742198653837e+02 2.309515812431842733e+03
3.997735875994289472e+03 1.998176663031624685e+03
1.884461350193759017e+03 1.268381679389312922e+03
2.000366714256577779e+03 1.343463467829880074e+03
1.735582908423414437e+03 1.520656488549618189e+03
1.545737915561900991e+03 1.168272628135223613e+03
4.008726901896798154e+03 1.278392584514721875e+03
4.083665714868448049e+03 2.021201744820065414e+03
4.414395676116663708e+03 2.503727371864776160e+03
3.297307770752600845e+03 1.138239912758996752e+03
2.012356924332041672e+03 2.033214830970556022e+03
3.220370589435040074e+03 2.044226826608505917e+03
4.085664083214358925e+03 2.134324972737186272e+03
4.417393228635529340e+03 1.658806979280261658e+03
4.413396491943708497e+03 2.303509269356597542e+03
4.576263512135427845e+03 2.117306434023991187e+03
7.453913930246787913e+02 2.074259541984732550e+03
7.224101570467061038e+02 2.021201744820065414e+03
2.858665918825209246e+03 1.508643402399127581e+03
3.197389353457067500e+02 2.199395856052344698e+03
2.842678972057924057e+03 2.093280261723009517e+03
1.942414032225168285e+03 1.363485278080697981e+03
3.041516622476035081e+03 1.079175572519083971e+03
1.816516826432796279e+03 1.141243184296619347e+03
1.972389557413828470e+03 2.388601962922573421e+03
3.095472567815623279e+03 2.062246455834242170e+03
2.770737711605139793e+03 2.055238822246455584e+03
4.412397307770753287e+03 2.369581243184296454e+03
2.921614521721395249e+03 2.307513631406761306e+03
3.095472567815623279e+03 1.302418756815703318e+03
4.564273302059963498e+03 2.445664122137404320e+03
4.023714664491128133e+03 1.351472191930207146e+03
1.698613094024067095e+03 1.526663031624863606e+03
4.114640424230063218e+03 2.086272628135223385e+03
1.951406689781766318e+03 1.141243184296619347e+03
4.065680399755251983e+03 2.340549618320610534e+03
5.775284519681828215e+02 2.257459105779716538e+03
3.092475015296757192e+03 1.517653217011995594e+03
4.191577605547624444e+03 2.008187568157033638e+03
3.319289822557617754e+03 1.211319520174482022e+03
8.053424434019988212e+02 1.562702290076335885e+03
3.157421986538853957e+02 1.152255179934569242e+03
1.818515194778706928e+03 1.165269356597600790e+03
4.209562920660820055e+03 1.346466739367502669e+03
5.945145829084234492e+02 2.429646673936750176e+03
4.691169692025290715e+03 2.238438386041439571e+03
3.047511727513767141e+02 2.200396946564885184e+03
2.807707526004487136e+03 2.042224645583424035e+03
4.436377727921681071e+03 2.135326063249727213e+03
3.686989598205180982e+02 2.105293347873500352e+03
3.090476646950846771e+03 2.037219193020719558e+03
4.273510707729961723e+03 2.365576881134133146e+03
2.719779318784417683e+03 1.440569247546346787e+03
1.928425453803793744e+03 1.159262813522355373e+03
1.710603304099530988e+03 2.178372955288985850e+03
1.835501325718947783e+03 1.198305343511450246e+03
1.523755863756883628e+03 1.243354416575790538e+03
7.034256577605548273e+02 1.127227917121046858e+03
1.842495614929634939e+03 2.468689203925845050e+03
8.043432592290434968e+02 1.183288985823336816e+03
2.800713236793799751e+03 2.234434023991275808e+03
4.217556394044462650e+03 2.036218102508178845e+03
3.216373852743218777e+03 1.093190839694656461e+03
5.655382418927188155e+02 1.441570338058887728e+03
4.507319804201509214e+03 2.339548527808069593e+03
2.086296553130736356e+03 1.172276990185387149e+03
4.164599632877830118e+03 2.125315158124318259e+03
4.467352437283296240e+03 2.151343511450381811e+03
2.835684682847236672e+03 2.084270447110141504e+03
4.338457678972058602e+03 2.125315158124318259e+03
2.761745054048541988e+03 1.205312977099236605e+03
1.955403426473587615e+03 2.168362050163576896e+03
4.024713848664083343e+03 2.185380588876771981e+03
3.254342851315521330e+03 2.226425299890948736e+03
4.536296145217214075e+02 1.266379498364231040e+03
1.999367530083622341e+03 1.260372955288985850e+03
1.712601672445441636e+03 2.159352235550708883e+03
6.085031613297981039e+02 2.169363140676117837e+03
2.757748317356720804e+02 1.174279171210468803e+03
4.082666530695492838e+03 2.060244274809160288e+03
1.974387925759739119e+03 1.148250817884405706e+03
1.918433612074240273e+03 2.408623773173391328e+03
7.603791556190087704e+02 1.475607415485278125e+03
7.773652865592495118e+02 2.373585605234460218e+03
1.986378135835203011e+03 1.476608505997818838e+03
1.708604935753620339e+03 2.420636859323882163e+03
4.346451152355700742e+02 2.037219193020719558e+03
8.273244952070161844e+02 2.215413304252998842e+03
4.456361411380787104e+03 2.161354416575790310e+03
1.882462981847848368e+03 1.282396946564885411e+03
8.173326534774628271e+02 1.185291166848418698e+03
4.130627370997348407e+03 2.320527808069792627e+03
4.370431572506628982e+03 1.466597600872409885e+03
3.192393432592290537e+03 1.995173391494002090e+03
2.042332449520701630e+03 2.144335877862595225e+03
2.744758923108301133e+03 2.246447110141766643e+03
4.224550683255150034e+03 1.612756815703380425e+03
1.776549459514583077e+03 2.408623773173391328e+03
1.762560881093208309e+03 1.213321701199563677e+03
2.065313685498674204e+03 2.048231188658669453e+03
1.959400163165409140e+03 2.241441657579061939e+03
4.111642871711197586e+03 2.168362050163576896e+03
1.678629410564960381e+03 1.215323882224645558e+03
2.887642259840913994e+03 1.094191930207197402e+03
1.940415663879257636e+03 1.009099236641221296e+03
3.919799510503773490e+03 2.253454743729552774e+03
3.088478278604935895e+03 1.553692475463467872e+03
4.102650214154599780e+03 2.166359869138495014e+03
4.362438099122986387e+03 1.576717557251908374e+03
3.367250662859473778e+02 1.457587786259541872e+03
3.205382826840710095e+03 2.255456924754634656e+03
4.154607791148277101e+03 1.256368593238822086e+03
1.636663675300836303e+03 2.290495092693565766e+03
2.027344686926371651e+03 2.023203925845147069e+03
4.205566183968999212e+03 2.190386041439476685e+03
4.361438914950031176e+03 1.462593238822246349e+03
2.611867428105241743e+03 1.128229007633587798e+03
3.967760350805629514e+03 2.208405670665212710e+03
4.185582500509892270e+03 1.499633587786259568e+03
1.755566591882520925e+03 2.222420937840784973e+03
3.208380379359575727e+03 2.264466739367502669e+03
7.853587599428921067e+02 2.006185387131951984e+03
4.444371201305323666e+03 1.181286804798255162e+03
4.086663267387314136e+03 2.079264994547437254e+03
4.468351621456251451e+03 1.162266085059978195e+03
2.715782582092596385e+03 1.428556161395855952e+03
3.963763614113808217e+03 1.399524536532170032e+03
4.181585763818070518e+03 1.530667393675027142e+03
2.855668366306343160e+03 2.191387131952017171e+03
3.996736691821334261e+03 2.513738276990185113e+03
4.385419335100958961e+03 1.277391494002180934e+03
3.106463593718131960e+03 2.336545256270447226e+03
2.856667550479298370e+03 2.184379498364231040e+03
1.707605751580664901e+03 1.146248636859323824e+03
3.137438303079747470e+02 1.401526717557251914e+03
4.379424230063226787e+03 2.422639040348964045e+03
4.431381807056904108e+03 2.075260632497273491e+03
2.825692841117683201e+03 2.149341330425299930e+03
3.247348562104833718e+02 2.433651035986913939e+03
1.700611462369977744e+03 1.179284623773173280e+03
2.803710789312665838e+03 2.340549618320610534e+03
2.915619416683663076e+03 1.106205016357688010e+03
4.309481337956353855e+03 1.463594329334787290e+03
2.752752396491943728e+03 2.253454743729552774e+03
1.774551091168672428e+03 1.304420937840785200e+03
1.682626147256781678e+03 2.452671755725190906e+03
6.274876606159494941e+02 2.145336968375136166e+03
4.207564552314909633e+03 2.298503816793892838e+03
3.893820722006934830e+03 1.226335877862595453e+03
4.155606975321232312e+03 2.062246455834242170e+03
2.967576993677340624e+02 2.268471101417666432e+03
4.925977972669794553e+02 1.110209378407851545e+03
4.184583316336937060e+03 1.182287895310796102e+03
3.192393432592290537e+03 2.095282442748091398e+03
3.964762798286763427e+03 1.464595419847328230e+03
4.006728533550887278e+03 1.351472191930207146e+03
3.128445645523149324e+03 1.146248636859323824e+03
4.131626555170304528e+03 1.467598691384950826e+03
1.643657964511523687e+03 2.238438386041439571e+03
4.273510707729961723e+03 2.059243184296619347e+03
1.488784417703446934e+03 1.171275899672846208e+03
4.196573526412400952e+02 2.222420937840784973e+03
1.497777075260044967e+03 1.303419847328244259e+03
4.136622476035080581e+03 2.052235550708833216e+03
3.115456251274729766e+03 1.374497273718647648e+03
4.006728533550887619e+02 2.418634678298800281e+03
1.763560065266163747e+03 1.371494002181025053e+03
4.112642055884152796e+03 1.312429661941112272e+03
2.953588415255966083e+03 2.030211559432933427e+03
1.993372425045890395e+03 2.003182115594329161e+03
4.278506628594737776e+03 1.153256270447110182e+03
4.182584947991025729e+03 2.153345692475463238e+03
3.037519885784213784e+03 1.539677208287895155e+03
4.477344279012849256e+03 2.275478735005452563e+03
3.967760350805629514e+03 1.388512540894220137e+03
6.484705282480114192e+02 1.219328244274809094e+03
1.839498062410769080e+03 2.395609596510359552e+03
1.709604119926575549e+03 2.233432933478734867e+03
2.914620232510707865e+03 2.194390403489639993e+03
4.008726901896798154e+03 2.043225736095964976e+03
3.017536202325107297e+03 2.110298800436205056e+03
7.773652865592495118e+02 2.032213740458015081e+03
1.852487456659188410e+03 1.208316248636859200e+03
1.778547827860493726e+03 1.168272628135223613e+03
3.888824801142157867e+03 2.172366412213740205e+03
1.549734652253722288e+03 2.062246455834242170e+03
1.833502957373036907e+03 2.469690294438385990e+03
5.735317152763614104e+02 2.247448200654307584e+03
1.831504589027126258e+03 2.476697928026172121e+03
1.757564960228431573e+03 1.195302071973827651e+03
1.719595961656129020e+03 1.145247546346782883e+03
1.864477666734652303e+03 2.310516902944383673e+03
1.846492351621456464e+03 2.081267175572519136e+03
4.449367122170100629e+03 2.154346782988004179e+03
3.184399959208647942e+03 2.093280261723009517e+03
2.747756475627167219e+03 1.212320610687022963e+03
1.850489088313277762e+03 2.073258451472192064e+03
1.746573934325922892e+03 1.184290076335877757e+03
2.467984907199673899e+02 2.305511450381679424e+03
7.034256577605548273e+02 1.436564885496183251e+03
4.275509076075872144e+03 2.020200654307524474e+03
3.108461962064042382e+03 1.351472191930207146e+03
3.204383642667754430e+03 2.132322791712104390e+03
1.720595145829084231e+03 2.156348964013086061e+03
1.727589435039771615e+03 2.170364231188658778e+03
1.852487456659188410e+03 1.239350054525627002e+03
1.991374056699979747e+03 2.443661941112322893e+03
1.956402610646543053e+03 1.330449291166848298e+03
3.262336324699163924e+03 2.074259541984732550e+03
4.442372832959413245e+03 2.198394765539803757e+03
2.847674892922700565e+03 2.164357688113413133e+03
3.079485621048338089e+03 1.563703380588876598e+03
1.677630226392004943e+03 2.035217011995637904e+03
8.273244952070161844e+02 1.166270447110141731e+03
2.752752396491943728e+03 1.340460196292257251e+03
3.013539465633286000e+03 1.267380588876771981e+03
1.966394452376096297e+03 1.176281352235550685e+03
4.087662451560269346e+03 1.467598691384950826e+03
