3.644468188285827637e-01
3.644847571849822998e-01
3.645333051681518555e-01
3.645533621311187744e-01
3.646914660930633545e-01
3.647065758705139160e-01
3.648640811443328857e-01
3.650270998477935791e-01
3.650495707988739014e-01
3.650559186935424805e-01
3.650571405887603760e-01
3.652150332927703857e-01
3.653975427150726318e-01
3.654669523239135742e-01
3.654749095439910889e-01
3.655608296394348145e-01
3.658187091350555420e-01
3.658339977264404297e-01
3.660244643688201904e-01
3.664099276065826416e-01
3.664448261260986328e-01
3.664941191673278809e-01
3.665030002593994141e-01
3.666107356548309326e-01
3.666149973869323730e-01
3.666264712810516357e-01
3.666852414608001709e-01
3.666926920413970947e-01
3.667632639408111572e-01
3.669280409812927246e-01
3.670047223567962646e-01
3.670565783977508545e-01
3.671506345272064209e-01
3.673235177993774414e-01
3.674773275852203369e-01
3.677247166633605957e-01
3.677856326103210449e-01
3.677963614463806152e-01
3.679607510566711426e-01
3.682141602039337158e-01
3.682924509048461914e-01
3.684227764606475830e-01
3.684274554252624512e-01
3.685887753963470459e-01
3.686990439891815186e-01
3.690283000469207764e-01
3.691001534461975098e-01
3.691231906414031982e-01
3.692338764667510986e-01
3.695574104785919189e-01
3.695703744888305664e-01
3.696943819522857666e-01
3.697098493576049805e-01
3.697379231452941895e-01
3.698160350322723389e-01
3.698740899562835693e-01
3.699679076671600342e-01
3.700048029422760010e-01
3.701006770133972168e-01
3.701293766498565674e-01
3.701365590095520020e-01
3.701402544975280762e-01
3.701758384704589844e-01
3.702429533004760742e-01
3.702601194381713867e-01
3.703073561191558838e-01
3.703403770923614502e-01
3.705352246761322021e-01
3.705375790596008301e-01
3.707489073276519775e-01
3.708511292934417725e-01
3.708540499210357666e-01
3.708963990211486816e-01
3.711935877799987793e-01
3.712020814418792725e-01
3.712486922740936279e-01
3.713984787464141846e-01
3.716486990451812744e-01
3.717389404773712158e-01
3.717948496341705322e-01
3.722108304500579834e-01
3.722400367259979248e-01
3.722538650035858154e-01
3.724240064620971680e-01
3.727090060710906982e-01
3.727540075778961182e-01
3.728153109550476074e-01
3.728640079498291016e-01
3.729820549488067627e-01
3.731146454811096191e-01
3.731512725353240967e-01
3.731867969036102295e-01
3.734676539897918701e-01
3.734862804412841797e-01
3.735315203666687012e-01
3.735457956790924072e-01
3.735490143299102783e-01
3.735695779323577881e-01
3.736784756183624268e-01
3.737180233001708984e-01
3.737262189388275146e-01
3.739572763442993164e-01
3.739591240882873535e-01
3.739723861217498779e-01
3.740440011024475098e-01
3.740755021572113037e-01
3.741613030433654785e-01
3.742564320564270020e-01
3.742707371711730957e-01
3.742767870426177979e-01
3.743605911731719971e-01
3.745960593223571777e-01
3.746605515480041504e-01
3.746734559535980225e-01
3.746749460697174072e-01
3.746916949748992920e-01
3.746969401836395264e-01
3.747417628765106201e-01
3.748421967029571533e-01
3.748840987682342529e-01
3.750006258487701416e-01
3.750908076763153076e-01
3.751011788845062256e-01
3.751618564128875732e-01
3.751769363880157471e-01
3.751769959926605225e-01
3.751843273639678955e-01
3.752055466175079346e-01
3.753659725189208984e-01
3.754509687423706055e-01
3.758516013622283936e-01
3.760139942169189453e-01
3.760939240455627441e-01
3.764516413211822510e-01
3.765718936920166016e-01
3.766117393970489502e-01
3.767284452915191650e-01
3.768666982650756836e-01
3.768814504146575928e-01
3.769099116325378418e-01
3.769290447235107422e-01
3.772360682487487793e-01
3.773667216300964355e-01
3.774164021015167236e-01
3.774338960647583008e-01
3.774451315402984619e-01
3.774878680706024170e-01
3.776600956916809082e-01
3.778037726879119873e-01
3.778185546398162842e-01
3.778697848320007324e-01
3.779205381870269775e-01
3.779215514659881592e-01
3.779972493648529053e-01
3.780248463153839111e-01
3.781594336032867432e-01
3.781618475914001465e-01
3.782872855663299561e-01
3.783661127090454102e-01
3.784066140651702881e-01
3.788560926914215088e-01
3.790067136287689209e-01
3.791658580303192139e-01
3.794465959072113037e-01
3.794874548912048340e-01
3.795180320739746094e-01
3.795819580554962158e-01
3.796216845512390137e-01
3.796499073505401611e-01
3.798194527626037598e-01
3.800533413887023926e-01
3.800663948059082031e-01
3.803927898406982422e-01
3.804277181625366211e-01
3.804568648338317871e-01
3.804660737514495850e-01
3.806661367416381836e-01
3.806916773319244385e-01
3.807337880134582520e-01
3.809183239936828613e-01
3.810694813728332520e-01
3.810890316963195801e-01
3.811058104038238525e-01
3.811273872852325439e-01
3.812385797500610352e-01
3.812733888626098633e-01
3.812987208366394043e-01
3.813414573669433594e-01
3.814038932323455811e-01
3.815419673919677734e-01
3.815448880195617676e-01
3.816100358963012695e-01
3.819082081317901611e-01
3.819649219512939453e-01
3.821542263031005859e-01
3.821818828582763672e-01
3.823208510875701904e-01
3.824564218521118164e-01
3.824959993362426758e-01
3.829623162746429443e-01
3.830179572105407715e-01
3.830486238002777100e-01
3.830996751785278320e-01
3.831695020198822021e-01
3.831788003444671631e-01
3.833494782447814941e-01
3.833897709846496582e-01
3.834635317325592041e-01
3.835542798042297363e-01
3.837953209877014160e-01
3.838741481304168701e-01
3.839453160762786865e-01
3.840764760971069336e-01
3.840802013874053955e-01
3.841432631015777588e-01
3.842678964138031006e-01
3.842854797840118408e-01
3.843390047550201416e-01
3.844168782234191895e-01
3.847644627094268799e-01
3.848163187503814697e-01
3.848590552806854248e-01
3.849019706249237061e-01
3.849692344665527344e-01
3.851714134216308594e-01
3.854144811630249023e-01
3.855323791503906250e-01
3.857054710388183594e-01
3.857665956020355225e-01
3.858711719512939453e-01
3.860348165035247803e-01
3.862200975418090820e-01
3.864648938179016113e-01
3.864927589893341064e-01
3.866416513919830322e-01
3.866429924964904785e-01
3.866576850414276123e-01
3.868153989315032959e-01
3.868519067764282227e-01
3.869112133979797363e-01
3.869602978229522705e-01
3.873735666275024414e-01
3.874473273754119873e-01
3.875542283058166504e-01
3.876710534095764160e-01
3.878618478775024414e-01
3.880664408206939697e-01
3.881057202816009521e-01
3.881256878376007080e-01
3.881565630435943604e-01
3.884405493736267090e-01
3.885952532291412354e-01
3.886913955211639404e-01
3.886994123458862305e-01
3.887986540794372559e-01
3.888468146324157715e-01
3.889881074428558350e-01
3.889971673488616943e-01
3.890087604522705078e-01
3.890512585639953613e-01
3.893914222717285156e-01
3.894202709197998047e-01
3.894343972206115723e-01
3.894551992416381836e-01
3.895305395126342773e-01
3.895518481731414795e-01
3.897655904293060303e-01
3.898272216320037842e-01
3.898412287235260010e-01
3.899183273315429688e-01
3.899880349636077881e-01
3.900419771671295166e-01
3.901517093181610107e-01
3.901770114898681641e-01
3.902391493320465088e-01
3.902551233768463135e-01
3.904837071895599365e-01
3.905031383037567139e-01
3.908313810825347900e-01
3.908966779708862305e-01
3.910525739192962646e-01
3.911005556583404541e-01
3.912075757980346680e-01
3.913197815418243408e-01
3.915979564189910889e-01
3.917085826396942139e-01
3.917567729949951172e-01
3.917928636074066162e-01
3.920941054821014404e-01
3.921821415424346924e-01
3.924297392368316650e-01
3.926981389522552490e-01
3.928196430206298828e-01
3.928738236427307129e-01
3.929417729377746582e-01
3.929601907730102539e-01
3.930450081825256348e-01
3.930965960025787354e-01
3.932963907718658447e-01
3.934350013732910156e-01
3.934963047504425049e-01
3.936342000961303711e-01
3.939152359962463379e-01
3.939495384693145752e-01
3.939593136310577393e-01
3.941340148448944092e-01
3.942302167415618896e-01
3.942542076110839844e-01
3.942588567733764648e-01
3.942749202251434326e-01
3.944298326969146729e-01
3.944606781005859375e-01
3.945794999599456787e-01
3.947725892066955566e-01
3.948108553886413574e-01
3.948294520378112793e-01
3.949301540851593018e-01
3.949981927871704102e-01
3.950521945953369141e-01
3.950671255588531494e-01
3.954213559627532959e-01
3.954823315143585205e-01
3.954947888851165771e-01
3.955671191215515137e-01
3.956923186779022217e-01
3.960762917995452881e-01
3.963120281696319580e-01
3.963187634944915771e-01
3.963437080383300781e-01
3.963448107242584229e-01
3.965273797512054443e-01
3.965859711170196533e-01
3.967555165290832520e-01
3.968569040298461914e-01
3.969250619411468506e-01
3.970822393894195557e-01
3.974600136280059814e-01
3.976735174655914307e-01
3.981063067913055420e-01
3.981989026069641113e-01
3.982463181018829346e-01
3.982602357864379883e-01
3.982873558998107910e-01
3.986335396766662598e-01
3.987008333206176758e-01
3.988126516342163086e-01
3.991175591945648193e-01
3.991742730140686035e-01
3.991979956626892090e-01
3.992291986942291260e-01
3.994393348693847656e-01
3.996938467025756836e-01
4.000183045864105225e-01
4.002158045768737793e-01
4.002161026000976562e-01
4.003261029720306396e-01
4.003500640392303467e-01
4.003862738609313965e-01
4.005212187767028809e-01
4.006419777870178223e-01
4.006779491901397705e-01
4.007340371608734131e-01
4.009460210800170898e-01
4.011387228965759277e-01
4.011937975883483887e-01
4.012319743633270264e-01
4.013631939888000488e-01
4.014234840869903564e-01
4.016547799110412598e-01
4.017241001129150391e-01
4.020608961582183838e-01
4.021122753620147705e-01
4.025723338127136230e-01
4.025856554508209229e-01
4.025861620903015137e-01
4.028161168098449707e-01
4.028998315334320068e-01
4.029498696327209473e-01
4.031260907649993896e-01
4.031864702701568604e-01
4.032947719097137451e-01
4.035210907459259033e-01
4.035928547382354736e-01
4.035999774932861328e-01
4.040906727313995361e-01
4.042257964611053467e-01
4.042459130287170410e-01
4.042892754077911377e-01
4.043510854244232178e-01
4.044788777828216553e-01
4.045557677745819092e-01
4.045570492744445801e-01
4.049235284328460693e-01
4.051060974597930908e-01
4.051499962806701660e-01
4.052886366844177246e-01
4.053775668144226074e-01
4.057061672210693359e-01
4.060170054435729980e-01
4.060535728931427002e-01
4.062553346157073975e-01
4.063743352890014648e-01
4.063940942287445068e-01
4.066337049007415771e-01
4.066627025604248047e-01
4.067532122135162354e-01
4.071530997753143311e-01
4.071893990039825439e-01
4.074691534042358398e-01
4.077499806880950928e-01
4.078324735164642334e-01
4.079088568687438965e-01
4.079214632511138916e-01
4.079487919807434082e-01
4.080505967140197754e-01
4.080513417720794678e-01
4.081091284751892090e-01
4.082146883010864258e-01
4.082630276679992676e-01
4.082742929458618164e-01
4.084710478782653809e-01
4.085276424884796143e-01
4.085769653320312500e-01
4.086148142814636230e-01
4.086321890354156494e-01
4.087886512279510498e-01
4.088283479213714600e-01
4.089818000793457031e-01
4.090516269207000732e-01
4.092482328414916992e-01
4.094152450561523438e-01
4.095379412174224854e-01
4.097110033035278320e-01
4.097484052181243896e-01
4.097608923912048340e-01
4.097720980644226074e-01
4.097845256328582764e-01
4.099752306938171387e-01
4.100829362869262695e-01
4.101039767265319824e-01
4.101999104022979736e-01
4.104333817958831787e-01
4.104666709899902344e-01
4.106652736663818359e-01
4.110553264617919922e-01
4.111013114452362061e-01
4.113313555717468262e-01
4.113837480545043945e-01
4.114278852939605713e-01
4.115695357322692871e-01
4.115905165672302246e-01
4.117210209369659424e-01
4.117397964000701904e-01
4.119565486907958984e-01
4.119698405265808105e-01
4.120989441871643066e-01
4.123480319976806641e-01
4.124384820461273193e-01
4.125655591487884521e-01
4.126120805740356445e-01
4.127723276615142822e-01
4.138519465923309326e-01
4.142337143421173096e-01
4.142704010009765625e-01
4.145347476005554199e-01
4.145839214324951172e-01
4.147280454635620117e-01
4.148116707801818848e-01
4.148579537868499756e-01
4.152318239212036133e-01
4.153816699981689453e-01
4.156881272792816162e-01
4.158858954906463623e-01
4.161231815814971924e-01
4.162132740020751953e-01
4.163064062595367432e-01
4.164448976516723633e-01
4.164826273918151855e-01
4.165109992027282715e-01
4.167574346065521240e-01
4.168462157249450684e-01
4.169664680957794189e-01
4.170741736888885498e-01
4.173147678375244141e-01
4.173247516155242920e-01
4.173507392406463623e-01
4.173611104488372803e-01
4.174026846885681152e-01
4.174033999443054199e-01
4.175617396831512451e-01
4.175775647163391113e-01
4.177887439727783203e-01
4.181725680828094482e-01
4.182324707508087158e-01
4.184802472591400146e-01
4.186942577362060547e-01
4.187257587909698486e-01
4.189638793468475342e-01
4.192990064620971680e-01
4.194189012050628662e-01
4.197883903980255127e-01
4.203027784824371338e-01
4.204035401344299316e-01
4.204130768775939941e-01
4.204566478729248047e-01
4.209301173686981201e-01
4.209379553794860840e-01
4.210675656795501709e-01
4.211395382881164551e-01
4.211497306823730469e-01
4.211968481540679932e-01
4.213078022003173828e-01
4.213306009769439697e-01
4.221926927566528320e-01
4.222394824028015137e-01
4.223640561103820801e-01
4.225224852561950684e-01
4.226303398609161377e-01
4.226684272289276123e-01
4.227220416069030762e-01
4.233402311801910400e-01
4.233661890029907227e-01
4.234380722045898438e-01
4.235406816005706787e-01
4.236313104629516602e-01
4.236638247966766357e-01
4.239057898521423340e-01
4.240261316299438477e-01
4.241435825824737549e-01
4.241994917392730713e-01
4.244521856307983398e-01
4.244827926158905029e-01
4.245665967464447021e-01
4.246633052825927734e-01
4.246947169303894043e-01
4.247414767742156982e-01
4.247726798057556152e-01
4.251559674739837646e-01
4.253061711788177490e-01
4.257582426071166992e-01
4.258214235305786133e-01
4.258359968662261963e-01
4.258934855461120605e-01
4.261376261711120605e-01
4.262414872646331787e-01
4.262631833553314209e-01
4.265105724334716797e-01
4.269851446151733398e-01
4.273397028446197510e-01
4.276430308818817139e-01
4.279996752738952637e-01
4.282738566398620605e-01
4.283207952976226807e-01
4.283437132835388184e-01
4.283466637134552002e-01
4.283632338047027588e-01
4.286351799964904785e-01
4.286429286003112793e-01
4.287639856338500977e-01
4.290018677711486816e-01
4.291254580020904541e-01
4.294043779373168945e-01
4.294909238815307617e-01
4.297806024551391602e-01
4.298040270805358887e-01
4.298120439052581787e-01
4.299165308475494385e-01
4.302086234092712402e-01
4.303612709045410156e-01
4.312449395656585693e-01
4.315495193004608154e-01
4.317020177841186523e-01
4.317560195922851562e-01
4.319387376308441162e-01
4.320537447929382324e-01
4.322598278522491455e-01
4.325231313705444336e-01
4.325700700283050537e-01
4.326827228069305420e-01
4.331221282482147217e-01
4.332952797412872314e-01
4.333622157573699951e-01
4.335238635540008545e-01
4.337912201881408691e-01
4.339476823806762695e-01
4.340345263481140137e-01
4.341002404689788818e-01
4.347043335437774658e-01
4.348161518573760986e-01
4.349790811538696289e-01
4.350000619888305664e-01
4.350354671478271484e-01
4.352419674396514893e-01
4.355550706386566162e-01
4.355672597885131836e-01
4.355759322643280029e-01
4.357249438762664795e-01
4.358201622962951660e-01
4.359792172908782959e-01
4.360021948814392090e-01
4.361709952354431152e-01
4.362791478633880615e-01
4.363381862640380859e-01
4.363560974597930908e-01
4.372438788414001465e-01
4.372717738151550293e-01
4.373703598976135254e-01
4.374621510505676270e-01
4.379774332046508789e-01
4.380059838294982910e-01
4.380076527595520020e-01
4.387276172637939453e-01
4.389519393444061279e-01
4.391862154006958008e-01
4.396973550319671631e-01
4.398122131824493408e-01
4.398719668388366699e-01
4.399078786373138428e-01
4.402227699756622314e-01
4.402400553226470947e-01
4.404001533985137939e-01
4.404977858066558838e-01
4.407517313957214355e-01
4.410246312618255615e-01
4.411054849624633789e-01
4.412010610103607178e-01
4.412266910076141357e-01
4.413480162620544434e-01
4.413648247718811035e-01
4.415045678615570068e-01
4.416618347167968750e-01
4.416813254356384277e-01
4.417461752891540527e-01
4.420040249824523926e-01
4.423019587993621826e-01
4.423240423202514648e-01
4.423327445983886719e-01
4.424458146095275879e-01
4.424741566181182861e-01
4.426495730876922607e-01
4.428906738758087158e-01
4.430871903896331787e-01
4.430939555168151855e-01
4.432663023471832275e-01
4.434058964252471924e-01
4.436199367046356201e-01
4.437838196754455566e-01
4.440397918224334717e-01
4.440760314464569092e-01
4.440846443176269531e-01
4.445233345031738281e-01
4.447623789310455322e-01
4.448255300521850586e-01
4.448855519294738770e-01
4.449723064899444580e-01
4.450948238372802734e-01
4.455437660217285156e-01
4.456733465194702148e-01
4.456968307495117188e-01
4.463791549205780029e-01
4.463956356048583984e-01
4.465366601943969727e-01
4.469769597053527832e-01
4.472818374633789062e-01
4.474094510078430176e-01
4.480484127998352051e-01
4.481153488159179688e-01
4.484216272830963135e-01
4.486366510391235352e-01
4.493066370487213135e-01
4.493239820003509521e-01
4.498747289180755615e-01
4.506685435771942139e-01
4.506959319114685059e-01
4.509717226028442383e-01
4.512870311737060547e-01
4.514897763729095459e-01
4.518499970436096191e-01
4.518671333789825439e-01
4.520922005176544189e-01
4.521287977695465088e-01
4.521922767162322998e-01
4.525763094425201416e-01
4.525804817676544189e-01
4.528282582759857178e-01
4.529772698879241943e-01
4.532903730869293213e-01
4.533118903636932373e-01
4.534583091735839844e-01
4.536644518375396729e-01
4.540442824363708496e-01
4.541065096855163574e-01
4.541907608509063721e-01
4.542274475097656250e-01
4.543157517910003662e-01
4.543195962905883789e-01
4.547628462314605713e-01
4.549212753772735596e-01
4.550836980342864990e-01
4.552445709705352783e-01
4.553255438804626465e-01
4.557401239871978760e-01
4.558095633983612061e-01
4.563472568988800049e-01
4.563608467578887939e-01
4.565549492835998535e-01
4.568431079387664795e-01
4.568906426429748535e-01
4.569350779056549072e-01
4.573558568954467773e-01
4.576663672924041748e-01
4.580291509628295898e-01
4.581201672554016113e-01
4.582496881484985352e-01
4.582715332508087158e-01
4.584980010986328125e-01
4.585528075695037842e-01
4.585608243942260742e-01
4.589572548866271973e-01
4.589925408363342285e-01
4.592179656028747559e-01
4.593110382556915283e-01
4.595414698123931885e-01
4.596160054206848145e-01
4.597199261188507080e-01
4.600082933902740479e-01
4.601565599441528320e-01
4.601883590221405029e-01
4.603484869003295898e-01
4.610911309719085693e-01
4.612651765346527100e-01
4.613495767116546631e-01
4.613569080829620361e-01
4.614139497280120850e-01
4.614254832267761230e-01
4.615207314491271973e-01
4.615904092788696289e-01
4.616783559322357178e-01
4.616922736167907715e-01
4.622498452663421631e-01
4.624562561511993408e-01
4.628601968288421631e-01
4.634630382061004639e-01
4.637296795845031738e-01
4.642118513584136963e-01
4.645165503025054932e-01
4.648953974246978760e-01
4.651783704757690430e-01
4.654650390148162842e-01
4.661131799221038818e-01
4.665931761264801025e-01
4.669212996959686279e-01
4.671458303928375244e-01
4.675062000751495361e-01
4.679509103298187256e-01
4.680455327033996582e-01
4.681020081043243408e-01
4.681785106658935547e-01
4.683507084846496582e-01
4.684700965881347656e-01
4.692554771900177002e-01
4.695217609405517578e-01
4.695461392402648926e-01
4.696561396121978760e-01
4.698308408260345459e-01
4.701625406742095947e-01
4.701671600341796875e-01
4.702270925045013428e-01
4.709415435791015625e-01
4.710864424705505371e-01
4.714972674846649170e-01
4.715177416801452637e-01
4.721098840236663818e-01
4.721164107322692871e-01
4.728460609912872314e-01
4.731745719909667969e-01
4.733666479587554932e-01
4.733797907829284668e-01
4.734866023063659668e-01
4.736335873603820801e-01
4.736716747283935547e-01
4.739304184913635254e-01
4.741642177104949951e-01
4.744392633438110352e-01
4.745011329650878906e-01
4.749943315982818604e-01
4.754703938961029053e-01
4.755287766456604004e-01
4.756385982036590576e-01
4.756627678871154785e-01
4.762170910835266113e-01
4.765784442424774170e-01
4.766191244125366211e-01
4.766830503940582275e-01
4.768722355365753174e-01
4.770488440990447998e-01
4.770821630954742432e-01
4.778299629688262939e-01
4.784449636936187744e-01
4.786603152751922607e-01
4.787084460258483887e-01
4.801514148712158203e-01
4.803277552127838135e-01
4.805431365966796875e-01
4.808154404163360596e-01
4.809283316135406494e-01
4.809392690658569336e-01
4.812995195388793945e-01
4.816261529922485352e-01
4.816514253616333008e-01
4.817250072956085205e-01
4.820984303951263428e-01
4.821968972682952881e-01
4.823568463325500488e-01
4.833204448223114014e-01
4.833277761936187744e-01
4.840949177742004395e-01
4.842741191387176514e-01
4.864442348480224609e-01
4.865720868110656738e-01
4.866156876087188721e-01
4.866538345813751221e-01
4.875184893608093262e-01
4.875958561897277832e-01
4.884836077690124512e-01
4.885607659816741943e-01
4.888182580471038818e-01
4.890168011188507080e-01
4.892159700393676758e-01
4.892736673355102539e-01
4.894952774047851562e-01
4.895380735397338867e-01
4.898402988910675049e-01
4.904737472534179688e-01
4.916132986545562744e-01
4.917760789394378662e-01
4.921282231807708740e-01
4.923879802227020264e-01
4.927650094032287598e-01
4.933221638202667236e-01
4.933581948280334473e-01
4.935088455677032471e-01
4.935131371021270752e-01
4.935386776924133301e-01
4.935688376426696777e-01
4.936339557170867920e-01
4.936542809009552002e-01
4.936755597591400146e-01
4.941509068012237549e-01
4.944241046905517578e-01
4.945158064365386963e-01
4.946092069149017334e-01
4.946942031383514404e-01
4.948955476284027100e-01
4.950103759765625000e-01
4.952149689197540283e-01
4.955014586448669434e-01
4.957121610641479492e-01
4.971887171268463135e-01
4.973982870578765869e-01
4.976547658443450928e-01
4.988226592540740967e-01
4.988394677639007568e-01
4.997362196445465088e-01
5.009077191352844238e-01
5.010536909103393555e-01
5.018963813781738281e-01
5.019484162330627441e-01
5.020746588706970215e-01
5.044080018997192383e-01
5.044416189193725586e-01
5.044819712638854980e-01
5.047929883003234863e-01
5.049867630004882812e-01
5.050878524780273438e-01
5.051923990249633789e-01
5.059880018234252930e-01
5.066861510276794434e-01
5.068064928054809570e-01
5.072000026702880859e-01
5.078185796737670898e-01
5.078945755958557129e-01
5.079177021980285645e-01
5.081472992897033691e-01
5.083288550376892090e-01
5.095388293266296387e-01
5.098975300788879395e-01
5.099295377731323242e-01
5.103950500488281250e-01
5.112432837486267090e-01
5.115798711776733398e-01
5.117887258529663086e-01
5.120706558227539062e-01
5.127049088478088379e-01
5.129664540290832520e-01
5.129776597023010254e-01
5.129833221435546875e-01
5.144276618957519531e-01
5.146403312683105469e-01
5.154353380203247070e-01
5.157240033149719238e-01
5.157335400581359863e-01
5.158600211143493652e-01
5.158778429031372070e-01
5.160282850265502930e-01
5.171580314636230469e-01
5.174762606620788574e-01
5.175549983978271484e-01
5.186030268669128418e-01
5.189960598945617676e-01
5.190746188163757324e-01
5.200558900833129883e-01
5.207512378692626953e-01
5.207818746566772461e-01
5.209167003631591797e-01
5.216054916381835938e-01
5.227452516555786133e-01
5.231447815895080566e-01
5.237915515899658203e-01
5.238782167434692383e-01
5.243334770202636719e-01
5.247752070426940918e-01
5.249049663543701172e-01
5.249280929565429688e-01
5.264924168586730957e-01
5.266261696815490723e-01
5.273633599281311035e-01
5.275185108184814453e-01
5.278839468955993652e-01
5.283893346786499023e-01
5.289850234985351562e-01
5.307438969612121582e-01
5.315328836441040039e-01
5.317378640174865723e-01
5.337747335433959961e-01
5.345075726509094238e-01
5.348463058471679688e-01
5.352950096130371094e-01
5.375121831893920898e-01
5.376979112625122070e-01
5.384366512298583984e-01
5.390211939811706543e-01
5.411151647567749023e-01
5.412541031837463379e-01
5.416198968887329102e-01
5.425406694412231445e-01
5.434379577636718750e-01
5.436292886734008789e-01
5.437032580375671387e-01
5.441227555274963379e-01
5.443327426910400391e-01
5.453778505325317383e-01
5.464860796928405762e-01
5.478841662406921387e-01
5.481967329978942871e-01
5.482795238494873047e-01
5.504069924354553223e-01
5.510274767875671387e-01
5.512045025825500488e-01
5.526342988014221191e-01
5.569833517074584961e-01
5.575885176658630371e-01
5.581707358360290527e-01
5.587850809097290039e-01
5.602085590362548828e-01
5.603397488594055176e-01
5.607092380523681641e-01
5.629864931106567383e-01
5.652504563331604004e-01
5.653713941574096680e-01
5.664577484130859375e-01
5.673121213912963867e-01
5.681521892547607422e-01
5.685464143753051758e-01
5.699143409729003906e-01
5.699714422225952148e-01
5.701012015342712402e-01
5.721087455749511719e-01
5.732069611549377441e-01
5.741654038429260254e-01
5.750042200088500977e-01
5.756612420082092285e-01
5.782578587532043457e-01
5.784115791320800781e-01
5.812571644783020020e-01
5.816697478294372559e-01
5.821314454078674316e-01
5.824885964393615723e-01
5.829803347587585449e-01
5.845547318458557129e-01
5.852246284484863281e-01
5.857365131378173828e-01
5.858045220375061035e-01
5.865480303764343262e-01
5.887697935104370117e-01
5.908602476119995117e-01
5.913525819778442383e-01
5.920378565788269043e-01
5.965796113014221191e-01
5.973777770996093750e-01
5.997672080993652344e-01
6.009219884872436523e-01
6.010590791702270508e-01
6.025955080986022949e-01
6.066896319389343262e-01
6.079847216606140137e-01
6.089531779289245605e-01
6.113748550415039062e-01
6.123554706573486328e-01
6.159956455230712891e-01
6.186192631721496582e-01
6.209203600883483887e-01
6.262094378471374512e-01
6.266270875930786133e-01
6.377319693565368652e-01
6.393098235130310059e-01
6.443648934364318848e-01
6.487631797790527344e-01
6.575081944465637207e-01
6.770613193511962891e-01
6.844231486320495605e-01
6.896073222160339355e-01
7.012009620666503906e-01
7.113546729087829590e-01
