4.292495207016112545e+03 3.133413304252998728e+02
1.818515194778706928e+03 1.546684841875681514e+03
3.236357536202325264e+03 1.107206106870228950e+03
3.474163369365694507e+03 6.196750272628135008e+02
3.026528859881705102e+03 4.234612868047982488e+02
3.512132367937997515e+03 1.147249727371864765e+03
3.321288190903528630e+03 5.295768811341330320e+02
4.715150112176218499e+03 2.354564885496183251e+03
4.446369569651234087e+03 6.206761177753544416e+02
2.957585151947787381e+03 1.570711014176662957e+03
2.994554966347134723e+03 1.480612868047982602e+03
2.748755659800122430e+03 7.558233369683750880e+02
4.233543340811747839e+03 3.013282442748091512e+02
3.971757087497450811e+03 5.756270447110141504e+02
3.007544360595553826e+03 2.428645583424209235e+03
3.004546808076687739e+03 7.257906215921482271e+02
2.790721395064246735e+03 6.196750272628135008e+02
4.409399755251886745e+03 5.225692475463467872e+02
2.719779318784417683e+03 7.618298800436205056e+02
1.572715888231694862e+03 2.549777535441657619e+03
1.558727309810320207e+02 2.376588876772082585e+03
1.413845604731797039e+03 1.534671755725190678e+03
4.247531919233122608e+03 2.615849509269356531e+03
3.381239241280848546e+03 7.828527808069792400e+02
3.027528044054660768e+03 1.657805888767720717e+03
1.798531511319600327e+02 2.345555070883315238e+03
3.852854170915766190e+03 3.694023991275899448e+02
2.672817662655517324e+03 2.055238822246455584e+03
3.806891698959820587e+03 2.742988004362049992e+02
3.911806037120130895e+03 2.337546346782987712e+03
4.098653477462778028e+03 5.465954198473282304e+02
3.505138078727310130e+03 3.884231188658669680e+02
4.619228431572506452e+03 2.533760087241003021e+03
3.921797878849683912e+03 1.201308615049073047e+01
1.532748521313481660e+03 2.459679389312977037e+03
3.930790536406282172e+03 6.567153762268266064e+02
2.572899245359983979e+03 9.180000000000000000e+02
2.913621048337752654e+03 2.205402399127589888e+03
4.338457678972058602e+03 2.427644492911668294e+03
4.606239037324087803e+03 2.129319520174482022e+03
2.777732000815827178e+03 1.592735005452562746e+03
9.831972261880481483e+02 2.334543075245365344e+03
4.491332857434224024e+03 6.136684841875680831e+02
1.622675096879461535e+03 2.542769901853871033e+03
3.022532123189883805e+03 5.526019629225735343e+02
4.554281460330410482e+03 1.144246455834241942e+03
6.184950030593514612e+02 1.619764449291166784e+03
2.847674892922700565e+03 1.160263904034896314e+03
3.921797878849683912e+03 6.787393675027262816e+02
2.916618600856618741e+03 1.419546346782987939e+03
2.122267183357128488e+03 2.052235550708833216e+03
4.588253722210891283e+03 2.374586695747001158e+03
7.973489700183561126e+02 2.340549618320610534e+03
2.221186416479706622e+03 1.304420937840785200e+03
1.428833367326127018e+03 2.403618320610687078e+03
4.479342647358760587e+03 2.491714285714285779e+03
2.797715684274933778e+02 2.211408942202835078e+03
3.892821537833979619e+03 6.757360959651035728e+02
2.652833979196410382e+03 1.534671755725190678e+03
4.488335304915358392e+03 3.904252998909487360e+02
4.372429940852539403e+03 3.744078516902944216e+02
4.383420966755048539e+03 2.380593238822246349e+03
2.599877218029777850e+03 1.482615049073064256e+03
3.904811747909443511e+03 2.314521264994547437e+03
2.046329186212523155e+03 1.472604143947655302e+03
3.865843565164185293e+03 6.146695747001090240e+02
4.496328778299000987e+03 6.276837513631406864e+02
2.941598205180501736e+03 1.418545256270446998e+03
3.938784009789924767e+03 2.378591057797164467e+03
2.875652049765450101e+03 1.442571428571428442e+03
1.537744442178258396e+03 2.464684841875681286e+03
4.202568631450132671e+03 2.582813522355506848e+02
3.956769324903120832e+03 4.645059978189748904e+02
2.594881297165001342e+03 3.233522355507088264e+02
2.920615337548440039e+03 1.604748091603053354e+03
1.525754232102794276e+03 2.486708833151581075e+03
2.782727921680603686e+03 8.158887677208288096e+02
4.545288802773811767e+03 2.484706652126499193e+03
2.101284315725066335e+03 1.414540894220283462e+03
4.176589842953294465e+03 8.238974918211558816e+02
3.883828880277381359e+03 1.315432933478734867e+03
2.926610442586171757e+03 6.807415485278080496e+02
2.684807872730981217e+03 2.351561613958560429e+03
3.067495410972874197e+02 2.315522355507088378e+03
3.343270242708545993e+03 8.138865866957469279e+02
3.473164185192739296e+03 8.349094874591057760e+02
4.513314909239241388e+03 8.639411123227916960e+02
3.327283295941260803e+02 1.721875681570338088e+02
2.865660208035896630e+03 5.005452562704471120e+02
4.179587395472160097e+03 3.653980370774263520e+02
3.786908015500714100e+03 3.413718647764449088e+02
1.943413216398123723e+03 7.628309705561613328e+02
4.093657556598001520e+03 3.674002181025081768e+02
2.758747501529675901e+03 5.816335877862595680e+02
3.033523149092392487e+03 8.859651035986913712e+02
4.464354884764430608e+03 6.156706652126499648e+02
2.743759738935345922e+03 1.466597600872409885e+03
3.851854986742810524e+03 1.141243184296619404e+02
1.379873342851315556e+03 2.503727371864776160e+03
2.900631654089333097e+03 7.057688113413304336e+02
4.537295329390169172e+03 4.665081788440567152e+02
3.379240872934938125e+03 1.500634678298800281e+03
4.046695900469100707e+03 4.855288985823336816e+02
3.976753008362227320e+03 4.284667393675027256e+02
3.442189475831124128e+03 5.836357688113413360e+02
4.183584132163981849e+03 3.553871319520174552e+02
3.084481541913114597e+03 1.669818974918211552e+03
4.077670609830716330e+03 5.676183206106869648e+02
3.332279216806037311e+03 4.034394765539803416e+02
4.008726901896798154e+03 2.286490730643402458e+03
3.569085865796451344e+03 7.017644492911667840e+02
4.088661635733224557e+03 5.776292257360959184e+02
3.191394248419335327e+03 3.653980370774263520e+02
7.034256577605548273e+02 2.660898582333696595e+03
4.194575158066490076e+03 8.128854961832061008e+02
4.173592290434427923e+03 4.144514721919301792e+02
3.474163369365694507e+03 5.726237731733914416e+02
3.271328982255762185e+03 1.416543075245365344e+03
1.918433612074240273e+03 7.598276990185387376e+02
3.270329798082806519e+03 4.134503816793892952e+02
3.132442382214970621e+03 8.459214830970555568e+02
4.199571078931267039e+03 4.444841875681570400e+02
4.180586579645115307e+03 3.954307524536532128e+02
2.839681419539057970e+03 2.577808069792802598e+03
3.218372221089129198e+03 5.716226826608506144e+02
2.977568835406893868e+03 1.689840785169029459e+03
4.089660819906180222e+03 9.019825517993456288e+02
3.002548439730777318e+03 2.292497273718647648e+03
2.860664287171119668e+03 6.336902944383859904e+02
3.136439118906791919e+03 3.273565976008724192e+02
3.309297980828064738e+03 3.864209378407851432e+02
2.116272078319396314e+03 1.461592148309705408e+03
4.401406281868244150e+03 2.347557251908396665e+03
2.020350397715684494e+03 1.258370774263903968e+03
1.425835814807260931e+03 1.483616139585605197e+03
3.496145421170711870e+03 2.092279171210469030e+03
2.980566387925759955e+03 8.849640130861504304e+02
4.130627370997348407e+03 4.985430752453652872e+02
3.422205792372017186e+03 5.596095965103598928e+02
2.449000407913522395e+03 9.180000000000000000e+02
2.860664287171119668e+03 1.559699018538713062e+03
1.482789312665714988e+03 1.348468920392584550e+03
4.364436467468896808e+03 3.633958560523445840e+02
2.985562308790536463e+03 5.536030534351144752e+02
1.579710177442382246e+03 1.656804798255179776e+03
7.883563124617581934e+02 7.778473282442747632e+02
2.950590862737099997e+03 7.658342420937840416e+02
2.118270446665307190e+03 1.508643402399127581e+03
3.952772588211299535e+03 3.884231188658669680e+02
6.294860289618601428e+02 1.485618320610686851e+03
4.220553946563329191e+03 1.589731733914939923e+03
2.051325107077299890e+03 8.138865866957469279e+02
3.083482357740159387e+03 1.621766630316248666e+03
5.685357944115847886e+02 2.581812431842965907e+03
2.880647970630226610e+03 9.180000000000000000e+02
1.575713440750560949e+03 1.388512540894220137e+03
7.953506016724454639e+02 2.482704471101417596e+02
4.467352437283296240e+03 6.266826608505997456e+02
8.732869671629614459e+02 2.022202835332606355e+03
3.026528859881705102e+03 5.856379498364231040e+02
3.392230267183357228e+03 6.857470010905125264e+02
4.085664083214358925e+03 5.706215921483096736e+02
3.929791352233326961e+03 2.468689203925845050e+03
4.296491943707934297e+03 2.722966194111232312e+02
3.314293901692841246e+03 4.705125408942202512e+02
3.030525596573526400e+03 2.427644492911668294e+03
2.122267183357128488e+03 2.395609596510359552e+03
8.862763614113808899e+02 2.538765539803707725e+03
4.392413624311646345e+03 2.454673936750272333e+03
8.553016520497654938e+02 1.668817884405670611e+03
3.224367326126861371e+03 2.467688113413304109e+03
2.684807872730981217e+03 1.398523446019629091e+03
1.716598409137262934e+03 1.665814612868048016e+03
2.945594941872323034e+03 2.476697928026172121e+03
7.503873138894555268e+02 1.942115594329334840e+02
5.175774015908627916e+02 1.624769901853871261e+03
4.012723638588619451e+03 6.276837513631406864e+02
2.812703446869264098e+03 8.138865866957469279e+02
2.978568019579849079e+03 1.465596510359869171e+03
2.078303079747093761e+03 1.669818974918211552e+03
4.372429940852539403e+03 1.608752453653216890e+03
1.857483377523964919e+03 1.579720828789530970e+03
2.895635733224556589e+03 7.738429661941112272e+02
3.404220477258821120e+03 1.209317339149400141e+03
1.507768916989598210e+03 1.354475463467829741e+03
4.200570263104222249e+03 2.973238822246455584e+02
3.306300428309198651e+03 2.531757906215921594e+03
3.080484805221293300e+03 4.605016357688112976e+02
3.002548439730777318e+03 8.909705561613958480e+02
4.212560473179685687e+03 2.479701199563794944e+03
3.128445645523149324e+03 4.384776444929116224e+02
2.074306343055272464e+03 1.685836423118865696e+03
1.713600856618397074e+03 1.692844056706652054e+03
2.790721395064246735e+03 1.440569247546346787e+03
3.114457067101774555e+03 2.234434023991275808e+03
7.863579441158474310e+02 2.584815703380588729e+03
3.081483989394248511e+03 2.511736095965103686e+03
3.283319192331226077e+03 1.461592148309705408e+03
1.924428717111972446e+03 1.539677208287895155e+03
3.674999388129716863e+03 4.514918211559432848e+02
3.014538649806241210e+03 1.579720828789530970e+03
4.641210483377523815e+03 1.367489640130861517e+03
2.840680603712013180e+03 1.585727371864776387e+03
3.962764429940852551e+03 2.392606324972737184e+03
2.052324291250255101e+03 1.425552889858233357e+03
4.359440546604119845e+03 2.415631406761177459e+03
4.753119110748521962e+03 5.065517993456924728e+02
2.979567203752804744e+03 7.157797164667393872e+02
4.492332041607179235e+03 4.064427480916030504e+02
9.182502549459514967e+02 2.504728462377317101e+03
2.831687946155415375e+03 8.709487459105779408e+02
1.921431164593106359e+03 1.656804798255179776e+03
3.105464409545176750e+03 1.574715376226826493e+03
3.883828880277381359e+03 8.108833151581242760e+01
2.980566387925759955e+03 1.475607415485278125e+03
2.801712420966755417e+03 6.066608505997818384e+02
4.050692637160922004e+03 5.696205016357687327e+02
4.703159902100755062e+03 2.136327153762268154e+03
1.333910870895370181e+03 5.505997818974918090e+01
3.037519885784213784e+03 1.580721919302071910e+03
2.651834795023455172e+03 1.438567066521264906e+03
4.252527840097899571e+03 4.885321701199563336e+02
4.471349173975117083e+03 1.508643402399127581e+03
4.184583316336937060e+03 2.385598691384951053e+03
4.209562920660820055e+03 2.301507088331515661e+03
3.866842749337140958e+03 5.956488549618320576e+02
3.330280848460126435e+03 1.634780806979280214e+03
4.425386702019171935e+03 2.983249727371864424e+02
2.238172547419947023e+03 1.493627044711014150e+03
4.742128084846012825e+03 2.712955288985823472e+02
8.932706506220681604e+02 2.538765539803707725e+03
2.521940852539261869e+03 3.063336968375136280e+02
4.145615133591678386e+03 2.241441657579061939e+03
7.014272894146441786e+02 2.621856052344601721e+03
3.442189475831124128e+03 7.588266085059977968e+02
1.349897817662655598e+03 1.582724100327153792e+03
4.065680399755251983e+03 5.716226826608506144e+02
4.420390781154395881e+03 2.448667393675027142e+03
2.629852743218437809e+03 1.501635768811341222e+03
3.962764429940852551e+03 2.624859323882224544e+03
3.291312665714868672e+03 3.964318429661940968e+02
4.563274117887008288e+03 2.092279171210468860e+02
4.436377727921681071e+03 3.684013086150490608e+02
2.867658576381807052e+03 6.006543075245365237e+00
2.088294921476647232e+03 1.516652126499454653e+03
5.015904548235774314e+02 2.272475463467829741e+03
1.560725678156230970e+03 1.653801526717557181e+03
1.920431980420150921e+03 1.519655398037077475e+03
3.072491331837650705e+03 2.387600872410032480e+03
3.316292270038752122e+03 6.296859323882224544e+02
5.725325311034060860e+02 1.261374045801526620e+02
2.157238629410564954e+03 2.306512540894220365e+03
4.108645319192331044e+03 5.786303162486368592e+02
3.273327350601672606e+03 2.515740458015266995e+03
3.995737507648378596e+03 4.044405670665212256e+02
4.697164797063022888e+03 3.864209378407851432e+02
2.862662655517030544e+03 1.555694656488549526e+03
4.302487048745666470e+03 2.230429661941112045e+03
3.095472567815623279e+03 3.453762268266085016e+02
4.490333673261268814e+03 5.105561613958560088e+02
4.606239037324087803e+03 2.508732824427480864e+03
4.414395676116663708e+03 3.513827699018538624e+02
4.434379359575769740e+03 5.766281352235550912e+02
4.501324699163777950e+03 4.474874591057796920e+02
1.427834183153171580e+03 1.279393675027262816e+03
4.223551499082194823e+03 2.360571428571428442e+03
3.159420354884764492e+03 5.956488549618320576e+02
4.376426677544361155e+03 6.497077426390403616e+02
6.874387109932694102e+02 2.543770992366411974e+03
2.755749949010809814e+03 1.446575790621591977e+03
1.996369977564756482e+03 1.492625954198473210e+03
1.409848868039975514e+03 1.526663031624863606e+03
4.726141138078727408e+02 2.314521264994547437e+03
3.950774219865388659e+03 6.607197382769901424e+02
4.955953497858454284e+02 2.455675027262813273e+03
3.090476646950846771e+03 8.649422028353325231e+02
2.744758923108301133e+03 1.344464558342420787e+03
4.525305119314705735e+03 2.487709923664122016e+03
2.863661839689985754e+03 5.566063249727371840e+02
4.494330409953090566e+03 2.449668484187568083e+03
1.928425453803793744e+03 1.683834242093784042e+03
4.218555578217417860e+03 1.291406761177753424e+02
4.491332857434224024e+03 1.566706652126499421e+03
9.582176218641648120e+02 1.536673936750272560e+03
6.764476850907608423e+02 7.177818974918211552e+02
2.981565572098715165e+03 7.277928026172301088e+02
3.397226188048134190e+03 1.451581243184296454e+03
4.350447889047522040e+03 1.445574700109051264e+03
2.123266367530083699e+03 1.422549618320610534e+03
2.873653681419539225e+03 4.074438386041439344e+02
4.081667346522537628e+03 7.958669574700109024e+02
2.058319396287987274e+03 9.169989094874590592e+02
2.649836426677544296e+03 1.348468920392584550e+03
6.944330002039567944e+02 2.532758996728462080e+03
1.688621252294513624e+03 2.568798255179934586e+03
3.404220477258821120e+03 6.477055616139584799e+02
4.925977972669794553e+02 2.562791712104688941e+03
3.862846012645319206e+03 6.457033805888767120e+02
2.057320212115031609e+03 1.434562704471101370e+03
2.761745054048541988e+03 1.442571428571428442e+03
1.700611462369977744e+03 1.664813522355507075e+03
2.943596573526412612e+03 5.455943293347872896e+02
2.100285131552111125e+03 1.459589967284623754e+03
2.927609626759127423e+03 5.095550708833151248e+02
4.360439730777075056e+03 2.683923664122137325e+03
2.724775239649194646e+03 6.507088331515811888e+02
3.288315113196002585e+03 5.435921483097055216e+02
4.050692637160922004e+03 7.498167938931297840e+02
1.976386294105649768e+03 1.394519083969465555e+03
4.066679583928207649e+03 8.038756815703379743e+02
1.940415663879257636e+03 1.514649945474372998e+03
3.888824801142157867e+03 7.007633587786259568e+02
7.393962879869468452e+02 2.537764449291166784e+03
4.006728533550887278e+03 2.383596510359869171e+03
4.287499286151336491e+03 3.383685932388222568e+02
4.296491943707933814e+01 2.302508178844056488e+02
2.288131756067713809e+02 2.416632497273718400e+03
2.713784213746685964e+03 1.410536532170119926e+03
3.481157658576381891e+03 1.516652126499454653e+03
3.195390985111156624e+03 6.026564885496183024e+02
3.266333061390985222e+03 2.528754634678298771e+03
4.042699163777279409e+03 8.359105779716466031e+02
2.865660208035896630e+03 1.336455834242093715e+03
4.470349989802161872e+03 2.309515812431842733e+03
3.992739955129512964e+03 4.204580152671755400e+02
3.078486436875382424e+03 2.503727371864776160e+03
4.149611870283500139e+03 2.326534351145038272e+03
2.901630838262288762e+03 2.522748091603053126e+03
4.497327962471956198e+03 2.312519083969465555e+03
3.970757903324495601e+03 2.331539803707742522e+03
3.467169080155007123e+03 7.057688113413304336e+02
3.522124209667550531e+03 1.213321701199563677e+03
4.364436467468896808e+03 3.483794983642311536e+02
4.602242300632266051e+03 5.876401308615048720e+02
2.881647154803181820e+03 4.935376226826608104e+02
2.697797266979400320e+03 1.836000000000000000e+03
3.793902304711401484e+03 2.843097055616139528e+02
2.859665102998164457e+03 1.322440567066521226e+03
5.695349785845401129e+02 2.466687022900763168e+03
7.743677340403834251e+02 2.554782988004361869e+03
3.337275137670813820e+03 4.314700109051253776e+02
2.835684682847236672e+03 1.446575790621591977e+03
2.046329186212523155e+03 2.065249727371864537e+03
4.504322251682643582e+03 1.654802617230098122e+03
2.916618600856618741e+03 1.590732824427480864e+03
4.395411176830511977e+03 1.492625954198473210e+03
2.710786661227819877e+03 6.727328244274808640e+02
3.157421986538854071e+03 9.109923664122137552e+02
3.477160921884560594e+03 6.577164667393674335e+02
3.339273506016724696e+03 2.545773173391493856e+03
3.959766877421986919e+03 4.004362050163576896e+02
4.041699979604324199e+03 6.296859323882224544e+02
2.889640628186824415e+03 6.967589967284623071e+02
2.998551703038956020e+03 1.515651035986913712e+03
3.297307770752600845e+03 2.399613958560523315e+03
3.118453803793595853e+03 1.623768811341330320e+03
3.141435039771568427e+03 2.492715376226826720e+03
2.148245971853967148e+03 2.329537622682660640e+03
2.522940036712217079e+03 2.993260632497273832e+02
3.686989598205180982e+02 2.262464558342420844e+02
4.316475627167041239e+03 2.424641221374045926e+03
2.832687130328370586e+03 1.645792802617230109e+03
3.982748113399959493e+03 1.592735005452562746e+03
4.522307566795839193e+03 2.326534351145038272e+03
3.971757087497450811e+03 2.302508178844056602e+03
3.127446461350194113e+03 2.331539803707742522e+03
3.423204976544972851e+03 6.517099236641221296e+02
3.208380379359575727e+03 2.544772082878952915e+03
4.528302671833571367e+03 4.494896401308614600e+02
2.477976748929227142e+02 2.206403489640130829e+03
4.322470732204772503e+03 7.157797164667393872e+02
4.415394860289618919e+03 2.290495092693565766e+03
4.707156638792575905e+03 2.084270447110141504e+03
4.338457678972058602e+03 5.275747001090512640e+02
2.734767081378747662e+03 6.447022900763358848e+02
3.967760350805629514e+03 5.335812431842965680e+02
4.323469916377727714e+03 5.505997818974917664e+02
4.158604527840097944e+03 2.407622682660850387e+03
3.511133183765041849e+03 1.395520174482006496e+03
2.979567203752804744e+03 1.432560523446019488e+03
4.209562920660820055e+03 8.429182115594328479e+02
3.922797063022639577e+03 4.194569247546346560e+02
3.890823169488068743e+03 5.045496183206106480e+02
4.373429125025494614e+03 5.125583424209378336e+02
4.202568631450132671e+03 8.168898582333696368e+02
3.045513359167856379e+03 3.523838604143947464e+02
4.599244748113400419e+03 2.205402399127589888e+03
4.226549051601060455e+03 2.863118865866957208e+02
2.706789924535998580e+03 1.414540894220283462e+03
1.985378951662247800e+03 1.396521264994547437e+03
2.628853559045482598e+03 3.553871319520174552e+02
8.762845196818275326e+02 2.329537622682660640e+03
2.755749949010809814e+03 7.468135223555070752e+02
2.133258209259637169e+03 1.632778625954198333e+03
4.243535182541301765e+03 3.113391494002181048e+02
3.288315113196002585e+03 6.306870229007632815e+02
2.767740159086273707e+03 1.444573609596510323e+03
2.930607179277993055e+03 1.539677208287895155e+03
3.224367326126861371e+03 4.785212649945474368e+02
3.185399143381603153e+03 2.518743729552889818e+03
3.323286559249439506e+03 4.374765539803707384e+02
1.388866000407913589e+03 1.821984732824427340e+02
3.293311034060779093e+03 2.544772082878952915e+03
3.290313481541913461e+03 3.553871319520174552e+02
2.804709973485621049e+03 5.425910577971646944e+02
2.003364266775443639e+03 1.466597600872409885e+03
2.972572914542117360e+03 8.859651035986913712e+02
2.845676524576789689e+03 5.946477644492911168e+02
3.310297165001019948e+03 6.727328244274808640e+02
4.517311645931063140e+03 6.096641221374045472e+02
2.754750764837854604e+03 1.316434023991275808e+03
2.905627574954110059e+03 5.065517993456924728e+02
7.463905771976341157e+02 2.021201744820065414e+03
2.757748317356720690e+03 1.422549618320610534e+03
1.416843157250662898e+03 1.322440567066521226e+03
3.511133183765041849e+03 1.321439476553980285e+03
4.292495207016112545e+03 1.141243184296619404e+02
4.401406281868244150e+03 5.746259541984732095e+02
4.483339384050581430e+03 5.505997818974917664e+02
4.530301040179481788e+03 2.531757906215921594e+03
1.378874158678360402e+02 2.329537622682660640e+03
3.420207424026106764e+03 4.845278080697927976e+02
4.389416071792779803e+03 2.583814612868047789e+03
4.409399755251886745e+03 2.464684841875681286e+03
3.307299612482153861e+03 3.694023991275899448e+02
5.725325311034060860e+02 2.502726281352235674e+03
2.826692025290638412e+03 5.796314067611776863e+02
2.767740159086273707e+03 1.420547437295528880e+03
3.152426065674077108e+03 1.317435114503816749e+03
4.596247195594533878e+03 2.523749182115594067e+03
2.562907403630430508e+03 9.169989094874590592e+02
3.072491331837650705e+03 2.394608505997819066e+03
4.354444625739343792e+03 5.926455834242093488e+02
2.705790740363043369e+03 6.226782988004362096e+02
4.355443809912299002e+03 1.498632497273718627e+03
4.752119926575565842e+03 2.177371864776444909e+03
1.811520905568019771e+03 2.012191930207197288e+02
2.843678156230879267e+03 1.556695747001090467e+03
2.928608810932082633e+03 1.549688113413304109e+03
3.816883540689374286e+02 2.479701199563794944e+03
4.364436467468896808e+03 2.461681570338058918e+03
1.794534774627778916e+03 2.594826608505997683e+03
4.469350805629206661e+03 3.804143947655397824e+02
2.817699367734040607e+03 2.575805888767720717e+03
4.562274933714053077e+03 4.715136314067611352e+02
2.168229655313073636e+03 2.087273718647764326e+03
3.887825616969202656e+03 5.696205016357687327e+02
2.940599021007546526e+03 2.391605234460196243e+03
7.304036304303488123e+02 2.431648854961832058e+03
3.119452987966551063e+03 2.190386041439476685e+03
4.365435651641852019e+03 2.520745910577971699e+03
3.385235977972669843e+03 2.318525627044710745e+03
3.075488884356516792e+03 1.748905125408942240e+03
2.706789924535998580e+03 1.492625954198473210e+03
4.582258617173159109e+03 2.339548527808069593e+03
2.623857638180705635e+03 1.341461286804798192e+02
2.008360187640220431e+02 6.356924754634677583e+02
1.922430348766061798e+03 1.493627044711014150e+03
2.652833979196410382e+03 1.449579062159214800e+03
2.753751580664899393e+03 6.136684841875680831e+02
4.770105241688762362e+03 5.325801526717557408e+02
3.049510095859678131e+03 9.180000000000000000e+02
3.393229451356312438e+03 7.868571428571427759e+02
4.655199061798898583e+03 1.231341330425299816e+02
3.876834591066694315e+02 2.420636859323882163e+03
2.507952274117887157e+02 2.186381679389312922e+03
1.641659596165613038e+03 2.662900763358778704e+02
8.433114419743014878e+02 6.757360959651035728e+02
3.083482357740159387e+03 1.605749182115594294e+03
3.468168264327962788e+03 6.617208287895310832e+02
3.260337956353253503e+03 5.075528898582333568e+02
4.225549867428105244e+03 7.548222464558342608e+02
2.806708341831531925e+03 5.896423118865866400e+02
2.597878849683867202e+02 2.196392584514721875e+03
4.406402202733021113e+03 1.526663031624863606e+03
4.407401386905976324e+03 6.186739367502725599e+02
2.850672445441566651e+03 6.106652126499454880e+02
1.666639200489496261e+03 2.598830970556161446e+03
2.906626759127065270e+03 6.036575790621592432e+02
4.606239037324087803e+03 4.815245365321700888e+02
3.432197634101570657e+03 8.809596510359868944e+02
3.941781562308790853e+03 4.564972737186477616e+02
3.891822353661023953e+03 4.645059978189748904e+02
4.556279828676320903e+03 2.155347873500545120e+03
1.533747705486436871e+03 2.471692475463467872e+03
3.964762798286763427e+03 2.284488549618320576e+03
1.572715888231694862e+03 2.493716466739367206e+03
7.254077095655721905e+02 2.573803707742638835e+03
1.746573934325922892e+03 8.729509269356597088e+02
3.425203344890883272e+03 5.215681570338058464e+02
4.586255353864980862e+03 6.537121046892038976e+02
3.355260452784009885e+03 5.095550708833151248e+02
3.266333061390985222e+03 6.116663031624863152e+02
2.891638996532735291e+03 7.438102508178843664e+02
4.422389149500306303e+03 2.319526717557251686e+03
2.944595757699367823e+03 2.554782988004361869e+03
3.072491331837650705e+03 1.415541984732824403e+03
4.039701611258413323e+03 2.446665212649945261e+03
3.269330613909851309e+03 1.464595419847328230e+03
7.543840505812768242e+02 1.438567066521264906e+03
2.714783397919641175e+03 6.547131952017448384e+02
3.092475015296757192e+03 2.331539803707742522e+03
3.415211503161329802e+03 8.519280261723009744e+02
3.242352641240057437e+03 1.411537622682660867e+03
2.717780950438507261e+02 2.556785169029443750e+03
3.400223740566999822e+03 1.447576881134132918e+03
3.754934121966143266e+03 3.694023991275899448e+02
3.502140526208444044e+03 4.034394765539803416e+02
3.118453803793595853e+03 3.143424209378407568e+02
3.325284927595349927e+03 4.194569247546346560e+02
2.677813583520293832e+03 4.655070883315157744e+02
4.493331225780134446e+03 2.372584514721919277e+03
4.392413624311646345e+03 2.463683751363140800e+03
5.625406893738527287e+02 2.581812431842965907e+03
3.016537018152152086e+03 1.650798255179934586e+03
2.974571282888027781e+03 7.828527808069792400e+02
2.945594941872323034e+03 2.518743729552889818e+03
7.643758923108301815e+02 2.752998909487458832e+02
3.461173975117275404e+03 1.407533260632497104e+03
2.952589231083010418e+03 6.216772082878952688e+02
3.085480726086069808e+03 1.639786259541984691e+03
4.396410361003467187e+03 6.607197382769901424e+02
4.523306750968795313e+03 7.488157033805888432e+02
3.210378747705486603e+03 5.736248636859323824e+02
4.379424230063226787e+03 2.137328244274809094e+03
4.188580053028757902e+03 1.126226826608505917e+03
2.657829900061187345e+03 1.590732824427480864e+03
3.073490516010605916e+03 1.597740458015267222e+03
1.402854578829288357e+03 1.324442748091603107e+03
2.055321843769121188e+03 1.409535441657578986e+03
4.012723638588619451e+03 2.335544165757906285e+03
1.408849683867020133e+02 2.418634678298800281e+03
1.361888027738119490e+03 2.503727371864776160e+03
1.499775443605955616e+03 2.492715376226826720e+03
4.331463389761371218e+03 4.755179934569247280e+02
4.159603712013053155e+03 2.489712104689203898e+03
3.163417091576585790e+03 5.796314067611776863e+02
3.954770956557209956e+03 2.378591057797164467e+03
3.107462777891087171e+03 2.389603053435114361e+03
3.476161737711605383e+03 7.327982551799345856e+02
2.058319396287987274e+03 1.356477644492911622e+03
4.041699979604324199e+03 7.337993456924754128e+02
2.736765449724658538e+03 1.390514721919302019e+03
3.398225372221089401e+03 5.866390403489640448e+02
2.119269630838262401e+03 2.046229007633587798e+03
3.188396695900469240e+03 7.588266085059977968e+02
4.553282276157455271e+03 2.453672846237731846e+03
7.433930246787681426e+02 2.614848418756815590e+03
2.903629206608199183e+03 5.796314067611776863e+02
3.814885172343463182e+03 4.424820065430752152e+02
3.337275137670813820e+03 4.404798255179934472e+02
3.060501121762186813e+03 1.510645583424209235e+03
8.463089944931674609e+02 2.477699018538713062e+03
4.728139506424638057e+03 1.331450381679389352e+02
7.094207627982867734e+02 1.156259541984732778e+03
4.086663267387314136e+03 6.587175572519083744e+02
3.314293901692841246e+03 2.517742639040348877e+03
3.228364062818682669e+03 3.513827699018538624e+02
4.462356516418519277e+03 2.370582333696837395e+03
2.904628390781154394e+03 7.908615049073064256e+02
4.105647766673465412e+03 7.938647764449291344e+02
2.008360187640220374e+03 1.432560523446019488e+03
2.300121966143177815e+03 1.363485278080697981e+03
4.486336936569447971e+03 1.575716466739367434e+03
3.544106261472567894e+03 7.858560523446019488e+02
3.746940648582500444e+02 2.251452562704470893e+03
4.811071792779930547e+03 5.315790621592148000e+02
1.692617988986334922e+03 1.688839694656488518e+03
1.631667754436059568e+03 1.655803707742639062e+03
4.403404650214154572e+03 2.330538713195201581e+03
3.182401590862737066e+03 1.622767720828789379e+03
4.475345910666938835e+03 3.954307524536532128e+02
3.435195186620436743e+03 8.218953107960741136e+02
3.150427697328166687e+03 3.984340239912758648e+02
3.147430144809300600e+03 4.584994547437295296e+02
2.063315317152763782e+03 1.446575790621591977e+03
3.285317560677136498e+03 4.084449291166848184e+02
3.094473383642668068e+03 5.325801526717557408e+02
4.086663267387314136e+03 2.583814612868047789e+03
3.370248215378339864e+03 4.725147219193020760e+02
3.481157658576381891e+03 5.856379498364231040e+02
2.802711605139710628e+03 7.087720828789530287e+02
3.830872119110748827e+03 1.520656488549618189e+03
3.869840301856006590e+03 6.316881134133042224e+02
1.905444217825820942e+03 7.688375136314067504e+02
4.162601264531919696e+03 5.035485278080697640e+02
4.572266775443606093e+03 2.489712104689203898e+03
3.946777483173567362e+03 3.714045801526717128e+02
3.444187844177034549e+03 7.478146128680479023e+02
1.028160513971038199e+03 1.535672846237731619e+03
4.269513971038139971e+03 2.404619411123228019e+03
3.092475015296757192e+03 4.514918211559432848e+02
3.120452172139506729e+03 2.451670665212649965e+03
2.834685498674281007e+03 2.567797164667393645e+03
3.750937385274321969e+03 3.603925845147219320e+02
3.400223740566999822e+03 1.433561613958560429e+03
3.859848460126453574e+03 2.258460196292257478e+03
2.825692841117683201e+03 2.589821155943293434e+03
1.759563328574342449e+03 2.592824427480915801e+03
3.956769324903120832e+02 2.347557251908396665e+03
3.357258821129920534e+02 2.752998909487458832e+02
3.306300428309198651e+03 4.574983642311886456e+02
2.237173363246991812e+03 1.550689203925845050e+03
4.101651029981644569e+03 1.594737186477644400e+03
2.611867428105241743e+03 2.371583424209378336e+03
2.830688761982459710e+03 6.416990185387131760e+02
2.923612890067305671e+03 5.756270447110141504e+02
2.133258209259637169e+03 2.503727371864776160e+03
4.537295329390169172e+03 1.611755725190839712e+03
2.898633285743422675e+03 5.696205016357687327e+02
1.483788496838670198e+03 2.182377317339149272e+02
3.959766877421986919e+03 6.176728462377317328e+02
2.818698551906995817e+03 1.442571428571428442e+03
1.809522537222109122e+03 1.635781897491821155e+03
3.443188660004079338e+03 5.736248636859323824e+02
3.876834591066693974e+03 5.075528898582333568e+02
1.411847236385886163e+03 2.511736095965103686e+03
4.645207220069345567e+03 2.183378407851690099e+03
3.374244952070161162e+03 2.067251908396946419e+03
1.999367530083622341e+03 1.510645583424209235e+03
2.947593310218233910e+03 2.510735005452562746e+03
2.992556598001223847e+03 5.315790621592148000e+02
6.394778706914135000e+02 2.313520174482006496e+03
3.183400775035692732e+03 5.866390403489640448e+02
1.883462166020803807e+03 8.289029443838603584e+02
3.990741586783602088e+03 2.276479825517993504e+03
3.044514174994901168e+03 1.415541984732824403e+03
4.542291250254946135e+03 2.480702290076335885e+03
3.457177238425454107e+03 6.517099236641221296e+02
3.474163369365694507e+03 7.918625954198472527e+02
4.187580868855802692e+03 1.118218102508178845e+03
1.721594330002039669e+03 1.512647764449291117e+03
2.925611258413216547e+03 1.510645583424209235e+03
2.764742606567408075e+03 8.198931297709923456e+02
4.525305119314705735e+03 1.550689203925845050e+03
4.244534366714256976e+03 1.606750272628135235e+03
3.032523964919437276e+03 1.632778625954198333e+03
1.958400978992453702e+03 1.619764449291166784e+03
7.763661023862941875e+02 2.612846237731733936e+02
3.884828064450336569e+03 4.925365321701199264e+02
2.184216602080359280e+03 1.273387131952017398e+03
3.310297165001019948e+03 7.848549618320610080e+02
1.808523353049153684e+03 1.630776444929116678e+03
7.633767081378748571e+02 2.522748091603053240e+02
4.015721191107485538e+03 2.248449291166848525e+03
4.372429940852539403e+03 2.373585605234460218e+03
8.872755455843362142e+02 2.501725190839694733e+03
4.234542524984703050e+03 7.348004362050163536e+02
4.230545788292882207e+03 7.247895310796074000e+02
3.396227003875178525e+03 4.755179934569247280e+02
4.480341831531715798e+03 6.497077426390403616e+02
3.495146236997756660e+03 6.897513631406760624e+02
7.553832347542321486e+02 2.575805888767720717e+03
1.569718335712829003e+03 1.642789531079607286e+03
4.169595553742607080e+03 2.477699018538713062e+03
2.912621864164797444e+03 7.548222464558342608e+02
3.836867224148480545e+03 1.231341330425299930e+03
4.158604527840097944e+03 2.431648854961832058e+03
4.065680399755251983e+03 1.622767720828789379e+03
3.725957780950438519e+03 4.244623773173391328e+02
7.573816031001427973e+02 6.507088331515811888e+02
4.571267591270650883e+03 1.902071973827698770e+01
2.990558229655313426e+03 1.578719738276990029e+03
3.351263716092188588e+03 2.506730643402398982e+03
4.340456047317969023e+03 4.054416575790621664e+02
4.404403834387109782e+03 2.275478735005452563e+03
2.651834795023455172e+03 1.404529989094874509e+03
2.236174179074036601e+03 1.537675027262813501e+03
4.650203140934122530e+03 2.148340239912758989e+03
6.984297368957780918e+02 8.369116684841875440e+02
3.296308586579645180e+03 1.413539803707742522e+03
1.224999796043238803e+03 1.836000000000000000e+03
4.350447889047522040e+03 2.166359869138495014e+03
4.691169692025290715e+03 2.113302071973827424e+03
1.423837446461350282e+03 2.361572519083969382e+03
4.255525392616765203e+03 1.545683751363140573e+03
1.715599224964307723e+03 1.661810250817884253e+03
3.228364062818682669e+03 6.867480916030533535e+02
2.601875586375688272e+03 3.113391494002181048e+02
4.558278197022231325e+03 7.348004362050163536e+02
4.071675504792984157e+03 3.694023991275899448e+02
2.696798082806445109e+03 6.727328244274808640e+02
4.836051397103814224e+02 1.481613958560523372e+02
3.140435855598613216e+03 2.453672846237731846e+03
3.479159290230471470e+03 2.883140676117775456e+02
3.543107077299612683e+03 1.520656488549618189e+03
6.824427901284927884e+02 2.596828789531079565e+03
4.192576789720579654e+03 1.492625954198473210e+03
4.136622476035080581e+03 3.974329334787349808e+02
2.766740974913318496e+03 1.433561613958560429e+03
1.995370793391801044e+03 9.180000000000000000e+02
3.043514990821945958e+03 1.422549618320610534e+03
4.391414440138691134e+03 2.275478735005452563e+03
4.411398123597797166e+03 2.334543075245365344e+03
4.117637976748929759e+03 2.249450381679389011e+03
3.307299612482153861e+03 2.518743729552889818e+03
2.864661023862941420e+03 5.916444929116684079e+02
4.338457678972058602e+03 5.385866957470010448e+02
4.427385070365083266e+03 6.236793893129770368e+02
3.168413012441362753e+03 5.576074154852780111e+02
4.590252090556802614e+03 2.340549618320610534e+03
4.190578421374669233e+03 3.503816793893129784e+02
3.883828880277381359e+03 5.035485278080697640e+02
3.844860697532123595e+03 5.315790621592148000e+02
3.467169080155007123e+03 6.266826608505997456e+02
2.787723842545380649e+03 6.977600872410032480e+02
2.931606363450948720e+03 5.806324972737186272e+02
3.859848460126453574e+03 5.485976008724099984e+02
3.146430960636345390e+03 1.331450381679389238e+03
3.316292270038752122e+03 5.646150490730643696e+02
3.102466857026310663e+03 3.393696837513631408e+02
6.834419743014481128e+02 2.587818974918211552e+03
3.496145421170711870e+03 2.068252998909487360e+03
1.358890475219253631e+03 1.569709923664122016e+03
2.933604731796859141e+03 1.480612868047982602e+03
4.577262696308383056e+03 6.437011995637949440e+02
3.300305323271466477e+03 5.485976008724099984e+02
4.762111768305119767e+03 2.179374045801526790e+03
2.807707526004487136e+03 1.504639040348964045e+03
3.445187028349990214e+03 8.619389312977099280e+02
2.837683051193147094e+03 8.218953107960741136e+02
4.212560473179685687e+03 3.924274809160305040e+02
3.108461962064042382e+03 1.631777535441657619e+03
7.793636549051601605e+02 2.462682660850599632e+02
2.993555782174179058e+03 6.026564885496183024e+02
4.416394044462574016e+02 2.370582333696837395e+03
3.586071996736692199e+03 7.107742639040349104e+02
2.954587599428921294e+03 1.678828789531079565e+03
4.399407913522333729e+03 6.937557251908397120e+02
4.500325514990821830e+03 7.498167938931297840e+02
2.881647154803181820e+03 6.497077426390403616e+02
1.641659596165613038e+03 1.428556161395855952e+03
2.712785029573730299e+03 1.421548527808069821e+03
3.017536202325107411e+02 2.408623773173391328e+03
3.187397511727514029e+03 5.696205016357687327e+02
2.723776055476238980e+03 1.585727371864776387e+03
1.954404242300632404e+03 1.526663031624863606e+03
3.279322455639404780e+03 9.180000000000000000e+02
2.038335712828880332e+03 2.514739367502726054e+03
2.818698551906995817e+03 6.366935659760086992e+02
3.410215582296553293e+03 5.806324972737186272e+02
2.018352029369773675e+02 2.464684841875681286e+03
1.808523353049153570e+02 2.291496183206106707e+03
4.578261880481338267e+03 2.230429661941112045e+03
2.773735264124005880e+03 1.330449291166848298e+03
3.808890067305731463e+03 2.682922573609596384e+02
3.178404854170915769e+03 5.536030534351144752e+02
3.220370589435040074e+03 2.253454743729552774e+03
1.958400978992453645e+02 2.294499454743729530e+03
2.570900877014073103e+03 4.064427480916030504e+02
2.011357740159086461e+03 1.540678298800436096e+03
8.622959412604528779e+02 5.105561613958560088e+02
4.045696716296145496e+03 2.555784078516902809e+03
8.842779930654701275e+02 2.528754634678298771e+03
4.488335304915358392e+03 2.346556161395856179e+03
4.520309198449928772e+03 2.234434023991275808e+03
4.152609422802365771e+03 2.237437295528898630e+03
1.818515194778707098e+02 2.601834242093783814e+03
4.505321435855598793e+03 1.369491821155943171e+03
1.893454007750357050e+03 8.349094874591057760e+02
3.242352641240057437e+03 7.327982551799345856e+02
4.225549867428105244e+03 2.281485278080697753e+03
6.384786865184581757e+02 2.472693565976008813e+03
4.403404650214154572e+03 2.579810250817884480e+03
3.248347746277789156e+03 4.444841875681570400e+02
1.038152355700591443e+03 1.453583424209378336e+03
2.784726290026514562e+03 5.295768811341330320e+02
2.947593310218233910e+03 1.673823336968375088e+03
1.832503773200081696e+03 1.602745910577971472e+03
4.258522945135631744e+03 3.533849509269356304e+02
4.002731796859065980e+03 7.187829880043619823e+02
3.478160106057515804e+03 6.046586695747000704e+02
2.765741790740363285e+03 1.312429661941112272e+03
4.537295329390169172e+03 4.494896401308614600e+02
3.227364878645727458e+03 5.315790621592148000e+02
2.946594126045278699e+03 1.554693565976008585e+03
1.703609014888843603e+03 1.507642311886586640e+03
3.019534570671017718e+03 1.658806979280261658e+03
3.342271058535590782e+03 8.309051254089421263e+02
4.744126453191923247e+03 7.908615049073064540e+01
5.405586375688354792e+02 1.116215921483096963e+03
4.474346726493983624e+03 2.364575790621592205e+03
3.339273506016724696e+03 1.433561613958560429e+03
6.984297368957780918e+02 2.551779716466739046e+03
4.749122374056700210e+03 1.164268266085059850e+03
2.933604731796859141e+03 6.677273718647763872e+02
2.899632469916377886e+03 1.662811341330425194e+03
3.567087497450540923e+02 2.112300981461286824e+02
3.889823985315113532e+03 6.877491821155942944e+02
4.077670609830716330e+03 1.620765539803707725e+03
2.899632469916377886e+03 6.487066521264994208e+02
4.409399755251886745e+03 6.887502726281352352e+02
4.561275749541097866e+03 1.624769901853871261e+03
4.708155822965531115e+03 5.505997818974918090e+01
2.920615337548440039e+03 6.547131952017448384e+02
2.947593310218233910e+03 5.866390403489640448e+02
7.993473383642668750e+02 2.422639040348963988e+02
3.128445645523149324e+03 4.625038167938931224e+02
4.345451968182745077e+03 2.392606324972737184e+03
3.137438303079747129e+03 4.354743729552889704e+02
3.043514990821945958e+03 1.556695747001090467e+03
3.921797878849683912e+03 4.835267175572519136e+02
8.812804405466041544e+02 2.492715376226826720e+03
1.990374872527024309e+03 1.423550708833151475e+03
3.178404854170915769e+03 2.462682660850599859e+03
1.721594330002039669e+03 1.572713195201744838e+03
2.790721395064246735e+03 1.476608505997818838e+03
8.103383642667754430e+02 2.586817884405670611e+03
3.463172343463185825e+03 6.527110141766629567e+02
3.012540281460330789e+03 9.180000000000000000e+02
4.394411992657556766e+03 6.817426390403489904e+02
4.451365490516011050e+03 1.529666303162486201e+03
2.027344686926371651e+03 1.402527808069792854e+03
3.178404854170915769e+03 1.667816793893129670e+03
1.623674281052416973e+03 1.852017448200654144e+02
3.479159290230471470e+03 7.618298800436205056e+02
3.674000203956761197e+03 4.234612868047982488e+02
1.509767285335508859e+03 2.427644492911668294e+03
3.831871303283704037e+03 4.474874591057796920e+02
4.564273302059963498e+03 2.506730643402398982e+03
3.050509280032633342e+03 1.371494002181025053e+03
3.270329798082806519e+03 5.305779716466738591e+02
3.995737507648378596e+03 4.584994547437295296e+02
2.038335712828880446e+02 2.334543075245365344e+03
8.013457067101775237e+02 2.361572519083969382e+03
2.943596573526412612e+03 1.536673936750272560e+03
3.225366510299816582e+03 1.304420937840785200e+03
3.858849275953497909e+03 1.383507088331515661e+03
2.810705078523353222e+03 2.466687022900763168e+03
4.598245563940445209e+03 6.517099236641221296e+02
3.038519069957169449e+03 8.078800436205016240e+02
3.314293901692841246e+03 1.410536532170119926e+03
8.393147052824801335e+01 2.158351145038167942e+03
4.126630634305527678e+02 2.553781897491820928e+03
3.112458698755864134e+03 3.103380588876772208e+02
4.021716296145217257e+03 2.617851690294438413e+03
2.854669182133387949e+03 5.295768811341330320e+02
4.208563736487864844e+03 2.325533260632497331e+03
1.453812971650010240e+03 1.591733914940021805e+03
4.222552314909239612e+03 2.973238822246455584e+02
1.670635937181317558e+03 1.698850599781897472e+03
3.382238425453803757e+03 5.015463467829879960e+02
3.940782378135835643e+03 2.410625954198473210e+03
3.944779114827656940e+03 2.431648854961832058e+03
6.474713440750560949e+02 1.496630316248636746e+03
1.830505404854171047e+03 1.610754634678298771e+03
4.193575973893534865e+03 3.854198473282442592e+02
1.814518458086885630e+03 1.630776444929116678e+03
4.006728533550887278e+03 2.351561613958560429e+03
4.369432388333673771e+03 2.590822246455833920e+03
2.144249235162145851e+03 2.078263904034896314e+03
4.075672241484805454e+03 2.499723009814612851e+03
3.243351825413012648e+03 7.197840785169029232e+02
5.545472159902101339e+02 2.338547437295528653e+03
4.567270854578829130e+03 2.206403489640130829e+03
4.206565368141954195e+02 1.601744820065430758e+03
4.385419335100958961e+03 2.589821155943293434e+03
3.359257189475831183e+03 5.586085059978189520e+02
1.949408321435855669e+03 7.518189749182115520e+02
4.365435651641852019e+03 1.612756815703380425e+03
3.344269426881501204e+03 4.154525627044710632e+02
3.507136447073220893e+02 1.621766630316248552e+02
3.132442382214970621e+03 1.277391494002180934e+03
7.314028146033041367e+02 7.748440567066520543e+02
4.355443809912299002e+03 3.984340239912758648e+02
3.405219661431776785e+03 5.015463467829879960e+02
2.087295737303691567e+03 1.702854961832061008e+03
3.129444829696104534e+03 1.406532170119956390e+03
4.415394860289618919e+03 6.216772082878952688e+02
3.107462777891087171e+03 4.434830970556160992e+02
4.608237405669998225e+03 5.946477644492911168e+02
3.460174790944320193e+03 1.399524536532170032e+03
3.137438303079747129e+03 1.258370774263903968e+03
2.781728737507648475e+03 2.049232279171210394e+03
1.823511115643483663e+03 1.633779716466739274e+03
2.716781766265552051e+03 1.453583424209378336e+03
7.423938405058128183e+02 2.576806979280261658e+03
3.137438303079747129e+03 4.595005452562704136e+02
2.715782582092596385e+03 7.368026172300981216e+02
2.621859269834795214e+03 1.475607415485278125e+03
3.226365694472771793e+03 5.806324972737186272e+02
3.445187028349990214e+03 2.261463467829879846e+03
2.802711605139710628e+03 5.646150490730643696e+02
3.493147868651845783e+03 2.078263904034896314e+03
3.422205792372017186e+03 2.180375136314067731e+03
3.939783193962879977e+03 2.453672846237731846e+03
1.737581276769325086e+03 1.673823336968375088e+03
2.995554150520089934e+03 5.215681570338058464e+02
1.864477666734652303e+03 1.391515812431842960e+03
2.821696104425861904e+03 5.866390403489640448e+02
3.398225372221089401e+03 4.935376226826608104e+02
3.465170711809096701e+03 7.638320610687022736e+02
1.878466245156027128e+02 2.462682660850599859e+03
1.631667754436059568e+03 1.421548527808069821e+03
3.303302875790332564e+03 1.505640130861504758e+03
3.222368957780950495e+03 9.180000000000000000e+02
3.430199265755659781e+03 1.542680479825517978e+03
4.374428309198449824e+03 3.653980370774263520e+02
3.280321639812359990e+03 2.518743729552889818e+03
2.017352845196818407e+03 1.494628135223555091e+03
5.775284519681828215e+02 2.424641221374045926e+03
4.743127269018968036e+03 1.145247546346782883e+03
2.945594941872323034e+03 9.180000000000000000e+02
4.025713032837038554e+03 7.177818974918211552e+02
2.900631654089333097e+03 6.697295528898581551e+02
2.080301448093004183e+03 1.704857142857142890e+03
1.988376504181113660e+03 1.386510359869138483e+03
2.240170915765857899e+03 1.409535441657578986e+03
6.254892922700387317e+02 2.378591057797164467e+03
3.795900673057311906e+03 4.014372955288985736e+02
4.000733428513155559e+03 6.927546346782987712e+02
3.216373852743218777e+03 7.748440567066520543e+02
4.088661635733224557e+03 1.632778625954198333e+03
4.756116663267387707e+02 2.572802617230097894e+03
3.293311034060779093e+03 1.454584514721919277e+03
3.837866408321436211e+03 1.245356597600872419e+03
4.039701611258413323e+03 1.505640130861504758e+03
3.413213134815419380e+03 1.444573609596510323e+03
1.941414848052213074e+03 1.549688113413304109e+03
4.504322251682643582e+03 6.757360959651035728e+02
4.563274117887008288e+03 4.004362050163576825e+00
3.945778299000612151e+03 2.375587786259542099e+03
3.369249031205384654e+03 8.048767720828789152e+02
4.436377727921681071e+03 1.467598691384950826e+03
4.265517234346319128e+03 1.605749182115594294e+03
4.183584132163981849e+03 1.616761177753544189e+03
4.358441362431164634e+03 2.421637949836423104e+03
1.568719151539873565e+03 7.307960741548527039e+02
2.786724658372424983e+03 1.470601962922573648e+03
2.833686314501325796e+03 5.686194111232279056e+02
4.487336120742403182e+03 2.533760087241003021e+03
4.565272486232918709e+03 1.568708833151581075e+03
2.852670813787477073e+03 1.534671755725190678e+03
3.381239241280848546e+03 8.429182115594328479e+02
3.466169895982051912e+03 6.437011995637949440e+02
2.799714052620844541e+03 1.409535441657578986e+03
3.027528044054660768e+03 1.570711014176662957e+03
4.351447073220477250e+03 2.302508178844056602e+03
2.637846216602080403e+03 3.613936750272628160e+02
3.475162553538650172e+03 1.279393675027262816e+03
3.009542728941464702e+03 1.572713195201744838e+03
3.260337956353253503e+03 4.034394765539803416e+02
3.222368957780950495e+03 3.834176663031624912e+02
3.087479094431980684e+03 5.586085059978189520e+02
1.861480114215786443e+03 1.448577971646673859e+03
3.047511727513767141e+02 2.325533260632497331e+03
6.884378951662248483e+02 1.641788440567066345e+03
4.655199061798898583e+03 2.232431842966193926e+03
3.073490516010605916e+03 1.510645583424209235e+03
1.962397715684274999e+03 1.471603053435114361e+03
3.000550071384866442e+03 1.574715376226826493e+03
4.380423414236181998e+03 7.938647764449291344e+02
3.930790536406282172e+03 2.189384950926935744e+03
2.848674077095655775e+03 1.543681570338058918e+03
2.056321027942076398e+03 1.483616139585605197e+03
1.676631042219049732e+03 1.681832061068702160e+03
3.395227819702223314e+03 1.293408942202835306e+03
3.201386090148888798e+03 1.398523446019629091e+03
2.055321843769121188e+03 1.442571428571428442e+03
3.146430960636345390e+03 1.286401308615048947e+03
4.207564552314909633e+03 1.575716466739367434e+03
1.528751784621660363e+03 1.646793893129770822e+03
4.442372832959413245e+03 3.593914940021809912e+02
4.915986130940240741e+02 2.442660850599781952e+03
3.454179685906588020e+03 6.607197382769901424e+02
3.439191923312258041e+03 1.550689203925845050e+03
3.575080970834183518e+03 7.007633587786259568e+02
3.674000203956761197e+03 1.836000000000000000e+03
2.449999592086477605e+03 1.836000000000000000e+03
1.895452376096267699e+03 1.596739367502726282e+03
4.271512339384050392e+03 3.543860414394765144e+02
3.272328166428717395e+03 4.204580152671755400e+02
2.102283499898021546e+03 1.425552889858233357e+03
3.019534570671017718e+03 1.431559432933478774e+03
4.579261064654293477e+03 4.765190839694656120e+02
3.089477462777891105e+03 5.385866957470010448e+02
3.321288190903528630e+03 3.944296619411123288e+02
2.883645523149092696e+03 1.446575790621591977e+03
5.605423210279420800e+02 1.433561613958560429e+03
3.388233530491535930e+03 7.758451472191929952e+02
3.413213134815419380e+03 4.755179934569247280e+02
2.994554966347134723e+03 1.439568157033805846e+03
3.253343667142566119e+03 2.258460196292257478e+03
3.953771772384254746e+03 2.613847328244274649e+03
1.645656332857434336e+03 1.666815703380588729e+03
2.844677340403834478e+03 1.582724100327153792e+03
3.468168264327962788e+03 1.205312977099236605e+03
8.702894146440954728e+02 2.534761177753543961e+03
2.781728737507648475e+03 1.476608505997818838e+03
3.487152763614114065e+03 1.499633587786259568e+03
3.024530491535794681e+03 1.369491821155943171e+03
4.501324699163777950e+03 7.017644492911667840e+02
1.938417295533347158e+02 2.340549618320610534e+03
3.473164185192739296e+03 1.221330425299890976e+03
2.953588415255966083e+03 2.431648854961832058e+03
3.275325718947583482e+03 1.318436205016357690e+03
4.026712217009994220e+03 2.349559432933478547e+03
3.255342035488476540e+03 2.546774263904034797e+03
3.113457882928819345e+03 1.617762268266084902e+03
3.385235977972669843e+03 2.519744820065430758e+03
6.364803181725474133e+02 1.626772082878953142e+03
4.427385070365083266e+03 2.292497273718647648e+03
3.887825616969202656e+03 2.402617230098146138e+03
4.389416071792779803e+03 1.447576881134132918e+03
1.224999796043238803e+03 9.180000000000000000e+02
3.183400775035692732e+03 3.744078516902944216e+02
1.985378951662247800e+03 1.507642311886586640e+03
2.047328370385478365e+03 1.435563794983642310e+03
3.409216398123598083e+03 5.385866957470010448e+02
4.262519681827452587e+03 1.610754634678298771e+03
4.390415255965735923e+03 3.243533260632497104e+02
5.155790332449521429e+02 2.274477644492911622e+03
2.882646338976137031e+03 1.410536532170119926e+03
4.064681215582296772e+03 2.318525627044710745e+03
3.394228635529268104e+03 5.646150490730643696e+02
4.267515602692229550e+03 2.368580152671755513e+03
3.087479094431980684e+03 2.340549618320610534e+03
4.702160717927799851e+03 2.066250817884405478e+03
2.035338160310014473e+03 1.458588876772082813e+03
4.457360595553743224e+03 3.613936750272628160e+02
4.498327146644911409e+03 1.509644492911668522e+03
4.530301040179481788e+03 1.602745910577971472e+03
7.753669182133388631e+02 2.333541984732824403e+03
4.411398123597797166e+03 2.526752453653216890e+03
