2.733506262302398682e-01
2.735622227191925049e-01
2.736152112483978271e-01
2.736531794071197510e-01
2.736740112304687500e-01
2.737572789192199707e-01
2.738047838211059570e-01
2.739134728908538818e-01
2.739541828632354736e-01
2.741101682186126709e-01
2.741255164146423340e-01
2.741603255271911621e-01
2.741706967353820801e-01
2.742885053157806396e-01
2.742895781993865967e-01
2.743659019470214844e-01
2.745838761329650879e-01
2.746469974517822266e-01
2.747314274311065674e-01
2.748454511165618896e-01
2.748656570911407471e-01
2.749469876289367676e-01
2.749700248241424561e-01
2.751360833644866943e-01
2.752107679843902588e-01
2.752978503704071045e-01
2.753979861736297607e-01
2.754326164722442627e-01
2.754748761653900146e-01
2.755319178104400635e-01
2.756158411502838135e-01
2.758765816688537598e-01
2.758796513080596924e-01
2.758998274803161621e-01
2.759205698966979980e-01
2.759728133678436279e-01
2.759850025177001953e-01
2.760644853115081787e-01
2.761043012142181396e-01
2.761195600032806396e-01
2.762547433376312256e-01
2.763995230197906494e-01
2.766924202442169189e-01
2.767103016376495361e-01
2.767338752746582031e-01
2.768366634845733643e-01
2.769181132316589355e-01
2.769989967346191406e-01
2.770282626152038574e-01
2.771025896072387695e-01
2.774362862110137939e-01
2.774899899959564209e-01
2.775239348411560059e-01
2.776523232460021973e-01
2.776595950126647949e-01
2.777578532695770264e-01
2.777817249298095703e-01
2.778053283691406250e-01
2.778585553169250488e-01
2.778800427913665771e-01
2.779124379158020020e-01
2.779291570186614990e-01
2.779580354690551758e-01
2.780251502990722656e-01
2.781983911991119385e-01
2.781984210014343262e-01
2.783800363540649414e-01
2.784163057804107666e-01
2.784826159477233887e-01
2.785425484180450439e-01
2.786797583103179932e-01
2.787000536918640137e-01
2.789033651351928711e-01
2.789105474948883057e-01
2.790045738220214844e-01
2.791472077369689941e-01
2.791768610477447510e-01
2.792257666587829590e-01
2.792480587959289551e-01
2.793625593185424805e-01
2.793626487255096436e-01
2.794513106346130371e-01
2.795810699462890625e-01
2.797096669673919678e-01
2.797248661518096924e-01
2.797657251358032227e-01
2.797758281230926514e-01
2.797928154468536377e-01
2.798947393894195557e-01
2.799370586872100830e-01
2.799555361270904541e-01
2.799676060676574707e-01
2.799859642982482910e-01
2.800102829933166504e-01
2.800565659999847412e-01
2.802719771862030029e-01
2.803175151348114014e-01
2.804239094257354736e-01
2.804322242736816406e-01
2.808245420455932617e-01
2.808787524700164795e-01
2.810206413269042969e-01
2.810603380203247070e-01
2.814024984836578369e-01
2.814334332942962646e-01
2.814519703388214111e-01
2.814876139163970947e-01
2.816766202449798584e-01
2.817239463329315186e-01
2.818249464035034180e-01
2.818588912487030029e-01
2.819072008132934570e-01
2.819472253322601318e-01
2.819795608520507812e-01
2.819834351539611816e-01
2.820026874542236328e-01
2.820143103599548340e-01
2.821889519691467285e-01
2.822293341159820557e-01
2.823121249675750732e-01
2.823441922664642334e-01
2.825335860252380371e-01
2.826607525348663330e-01
2.827514410018920898e-01
2.828631103038787842e-01
2.830448150634765625e-01
2.830782234668731689e-01
2.831703722476959229e-01
2.833659648895263672e-01
2.833913266658782959e-01
2.834358215332031250e-01
2.835233211517333984e-01
2.836653888225555420e-01
2.836755514144897461e-01
2.837268710136413574e-01
2.837528288364410400e-01
2.837531268596649170e-01
2.839700877666473389e-01
2.840958833694458008e-01
2.841161191463470459e-01
2.841315567493438721e-01
2.843633294105529785e-01
2.844441831111907959e-01
2.844600975513458252e-01
2.844773530960083008e-01
2.845554053783416748e-01
2.845576107501983643e-01
2.846339941024780273e-01
2.846562266349792480e-01
2.850690484046936035e-01
2.850999236106872559e-01
2.853141427040100098e-01
2.855460047721862793e-01
2.856832146644592285e-01
2.857021689414978027e-01
2.857055664062500000e-01
2.857404649257659912e-01
2.857653498649597168e-01
2.858056724071502686e-01
2.858379185199737549e-01
2.860479056835174561e-01
2.862678170204162598e-01
2.863376140594482422e-01
2.863973975181579590e-01
2.868440449237823486e-01
2.870346009731292725e-01
2.873195111751556396e-01
2.873444557189941406e-01
2.873973250389099121e-01
2.875392735004425049e-01
2.875858247280120850e-01
2.877244055271148682e-01
2.878024876117706299e-01
2.880302965641021729e-01
2.880506515502929688e-01
2.880954146385192871e-01
2.881211936473846436e-01
2.882093489170074463e-01
2.882542610168457031e-01
2.882610559463500977e-01
2.883680164813995361e-01
2.883681952953338623e-01
2.884208559989929199e-01
2.884528338909149170e-01
2.886990904808044434e-01
2.889780700206756592e-01
2.890548706054687500e-01
2.890569269657135010e-01
2.892028689384460449e-01
2.892592251300811768e-01
2.892663478851318359e-01
2.892703711986541748e-01
2.892735302448272705e-01
2.893511950969696045e-01
2.893757820129394531e-01
2.895967662334442139e-01
2.897025644779205322e-01
2.897043824195861816e-01
2.897770106792449951e-01
2.899320423603057861e-01
2.899982333183288574e-01
2.900429368019104004e-01
2.901666462421417236e-01
2.902093827724456787e-01
2.902431190013885498e-01
2.903417944908142090e-01
2.903428971767425537e-01
2.903871536254882812e-01
2.905689775943756104e-01
2.905848324298858643e-01
2.906427979469299316e-01
2.908415794372558594e-01
2.909085750579833984e-01
2.909646034240722656e-01
2.909953594207763672e-01
2.910144031047821045e-01
2.910536229610443115e-01
2.912119030952453613e-01
2.912262976169586182e-01
2.912394702434539795e-01
2.912788391113281250e-01
2.914277613162994385e-01
2.915243804454803467e-01
2.915347218513488770e-01
2.915397584438323975e-01
2.917534708976745605e-01
2.918978035449981689e-01
2.919667065143585205e-01
2.921461462974548340e-01
2.927398681640625000e-01
2.930269837379455566e-01
2.930865287780761719e-01
2.933000624179840088e-01
2.933573722839355469e-01
2.935359179973602295e-01
2.936643362045288086e-01
2.936644554138183594e-01
2.937058508396148682e-01
2.940592169761657715e-01
2.941174805164337158e-01
2.941596806049346924e-01
2.943333387374877930e-01
2.943401634693145752e-01
2.946525812149047852e-01
2.948670685291290283e-01
2.948860228061676025e-01
2.949103713035583496e-01
2.949982285499572754e-01
2.950731813907623291e-01
2.955866754055023193e-01
2.956025898456573486e-01
2.956623733043670654e-01
2.958028614521026611e-01
2.959049344062805176e-01
2.961003184318542480e-01
2.961772382259368896e-01
2.962074279785156250e-01
2.963143587112426758e-01
2.963979244232177734e-01
2.965135276317596436e-01
2.965766489505767822e-01
2.965920567512512207e-01
2.966006696224212646e-01
2.967799901962280273e-01
2.968592941761016846e-01
2.971855103969573975e-01
2.973556816577911377e-01
2.973900437355041504e-01
2.974573969841003418e-01
2.974871098995208740e-01
2.976420223712921143e-01
2.977404892444610596e-01
2.979877293109893799e-01
2.984847724437713623e-01
2.985965013504028320e-01
2.987233996391296387e-01
2.987526655197143555e-01
2.988151907920837402e-01
2.988465428352355957e-01
2.988694906234741211e-01
2.989538311958312988e-01
2.989973723888397217e-01
2.991713583469390869e-01
2.992250919342041016e-01
2.993230819702148438e-01
2.995858788490295410e-01
2.996494472026824951e-01
2.997595369815826416e-01
2.998158931732177734e-01
3.000237047672271729e-01
3.003902137279510498e-01
3.006981611251831055e-01
3.007517158985137939e-01
3.010605573654174805e-01
3.010649979114532471e-01
3.011956810951232910e-01
3.012341260910034180e-01
3.013565242290496826e-01
3.015382587909698486e-01
3.018525242805480957e-01
3.019086420536041260e-01
3.019523024559020996e-01
3.020359873771667480e-01
3.028158247470855713e-01
3.028348684310913086e-01
3.036580979824066162e-01
3.042618036270141602e-01
3.042871952056884766e-01
3.045181930065155029e-01
3.046190142631530762e-01
3.047401905059814453e-01
3.048664927482604980e-01
3.049898743629455566e-01
3.052214682102203369e-01
3.052311539649963379e-01
3.053464293479919434e-01
3.056331872940063477e-01
3.056694865226745605e-01
3.059007227420806885e-01
3.059459924697875977e-01
3.060574233531951904e-01
3.061186671257019043e-01
3.063926398754119873e-01
3.065149486064910889e-01
3.067514598369598389e-01
3.068670630455017090e-01
3.069136142730712891e-01
3.070026934146881104e-01
3.070107698440551758e-01
3.070347309112548828e-01
3.071886003017425537e-01
3.072001934051513672e-01
3.073153197765350342e-01
3.074350655078887939e-01
3.074713349342346191e-01
3.075965940952301025e-01
3.079772889614105225e-01
3.080477118492126465e-01
3.082775771617889404e-01
3.083234131336212158e-01
3.083341419696807861e-01
3.083795011043548584e-01
3.085573017597198486e-01
3.087565004825592041e-01
3.088013231754302979e-01
3.088346421718597412e-01
3.089212477207183838e-01
3.089531660079956055e-01
3.090124428272247314e-01
3.092022240161895752e-01
3.092079460620880127e-01
3.092559874057769775e-01
3.093845248222351074e-01
3.094708621501922607e-01
3.095631897449493408e-01
3.098250031471252441e-01
3.099751770496368408e-01
3.103029727935791016e-01
3.103547394275665283e-01
3.104120492935180664e-01
3.105224668979644775e-01
3.105691373348236084e-01
3.106724321842193604e-01
3.106737434864044189e-01
3.107070028781890869e-01
3.109932541847229004e-01
3.110789656639099121e-01
3.112500309944152832e-01
3.120863735675811768e-01
3.121891617774963379e-01
3.123699128627777100e-01
3.133988678455352783e-01
3.134134411811828613e-01
3.135731220245361328e-01
3.137484490871429443e-01
3.137677013874053955e-01
3.138974308967590332e-01
3.140197396278381348e-01
3.141021430492401123e-01
3.141178190708160400e-01
3.141472935676574707e-01
3.141976296901702881e-01
3.142609894275665283e-01
3.143284320831298828e-01
3.147134184837341309e-01
3.149964511394500732e-01
3.152277767658233643e-01
3.153822720050811768e-01
3.154407441616058350e-01
3.155208230018615723e-01
3.159833848476409912e-01
3.160721659660339355e-01
3.161187767982482910e-01
3.161394000053405762e-01
3.162074387073516846e-01
3.162276446819305420e-01
3.163239955902099609e-01
3.168494701385498047e-01
3.168509602546691895e-01
3.170305192470550537e-01
3.171969950199127197e-01
3.176160454750061035e-01
3.178951144218444824e-01
3.180367052555084229e-01
3.180412650108337402e-01
3.180629014968872070e-01
3.184659481048583984e-01
3.184759616851806641e-01
3.186439275741577148e-01
3.188518583774566650e-01
3.189082145690917969e-01
3.189264237880706787e-01
3.190374374389648438e-01
3.191391527652740479e-01
3.192300498485565186e-01
3.195977807044982910e-01
3.196503520011901855e-01
3.196811079978942871e-01
3.197322189807891846e-01
3.199168443679809570e-01
3.202013969421386719e-01
3.203233480453491211e-01
3.204094767570495605e-01
3.206599950790405273e-01
3.207068443298339844e-01
3.207239210605621338e-01
3.209678530693054199e-01
3.211709260940551758e-01
3.212306797504425049e-01
3.216068744659423828e-01
3.216645717620849609e-01
3.217263519763946533e-01
3.219991326332092285e-01
3.222177624702453613e-01
3.224245905876159668e-01
3.225014209747314453e-01
3.225118219852447510e-01
3.225357234477996826e-01
3.228443861007690430e-01
3.229775726795196533e-01
3.230880498886108398e-01
3.232785463333129883e-01
3.232956528663635254e-01
3.234539031982421875e-01
3.235309123992919922e-01
3.237157464027404785e-01
3.237433731555938721e-01
3.241651058197021484e-01
3.242080509662628174e-01
3.243014514446258545e-01
3.243288695812225342e-01
3.244477510452270508e-01
3.247585594654083252e-01
3.251124024391174316e-01
3.251914680004119873e-01
3.251939415931701660e-01
3.256000876426696777e-01
3.256087005138397217e-01
3.256109058856964111e-01
3.257438242435455322e-01
3.258876800537109375e-01
3.258901536464691162e-01
3.264271914958953857e-01
3.266262710094451904e-01
3.268143534660339355e-01
3.269520699977874756e-01
3.269649744033813477e-01
3.270747065544128418e-01
3.271193504333496094e-01
3.273688256740570068e-01
3.274961411952972412e-01
3.275960087776184082e-01
3.279955387115478516e-01
3.280885517597198486e-01
3.282608687877655029e-01
3.282676637172698975e-01
3.284591436386108398e-01
3.287906050682067871e-01
3.288746476173400879e-01
3.289505839347839355e-01
3.290351927280426025e-01
3.292369544506072998e-01
3.293875157833099365e-01
3.294011950492858887e-01
3.297377526760101318e-01
3.301504552364349365e-01
3.303208053112030029e-01
3.303368389606475830e-01
3.303705453872680664e-01
3.305377364158630371e-01
3.306974470615386963e-01
3.308217823505401611e-01
3.309489488601684570e-01
3.310970962047576904e-01
3.310984075069427490e-01
3.313153088092803955e-01
3.314912319183349609e-01
3.315622508525848389e-01
3.316444158554077148e-01
3.316878974437713623e-01
3.319114148616790771e-01
3.319210410118103027e-01
3.319216668605804443e-01
3.321447968482971191e-01
3.322993814945220947e-01
3.323392570018768311e-01
3.324062824249267578e-01
3.324836194515228271e-01
3.325001895427703857e-01
3.328084051609039307e-01
3.329201042652130127e-01
3.331683278083801270e-01
3.333069086074829102e-01
3.336118459701538086e-01
3.336828649044036865e-01
3.339541256427764893e-01
3.341166973114013672e-01
3.342151939868927002e-01
3.342402577400207520e-01
3.346281349658966064e-01
3.347976505756378174e-01
3.348878920078277588e-01
3.349194526672363281e-01
3.350506722927093506e-01
3.352447748184204102e-01
3.355273604393005371e-01
3.356150090694427490e-01
3.357995450496673584e-01
3.359061479568481445e-01
3.359530270099639893e-01
3.360369801521301270e-01
3.361253440380096436e-01
3.363310396671295166e-01
3.365359306335449219e-01
3.365367054939270020e-01
3.366449773311614990e-01
3.367102444171905518e-01
3.367104530334472656e-01
3.367519378662109375e-01
3.367982506752014160e-01
3.369408249855041504e-01
3.375033438205718994e-01
3.375637531280517578e-01
3.386093080043792725e-01
3.386156857013702393e-01
3.388874828815460205e-01
3.389109373092651367e-01
3.390595614910125732e-01
3.392986655235290527e-01
3.393950760364532471e-01
3.394802212715148926e-01
3.396109342575073242e-01
3.398839533329010010e-01
3.403498828411102295e-01
3.403670787811279297e-01
3.406696915626525879e-01
3.407593071460723877e-01
3.410198390483856201e-01
3.410269021987915039e-01
3.410547375679016113e-01
3.412787914276123047e-01
3.414576649665832520e-01
3.414589166641235352e-01
3.415040373802185059e-01
3.415704369544982910e-01
3.417127430438995361e-01
3.418645858764648438e-01
3.419278264045715332e-01
3.419634997844696045e-01
3.420622944831848145e-01
3.420744538307189941e-01
3.422376513481140137e-01
3.422789871692657471e-01
3.425635099411010742e-01
3.425760269165039062e-01
3.426959514617919922e-01
3.431496620178222656e-01
3.431541323661804199e-01
3.436601758003234863e-01
3.437589704990386963e-01
3.441102504730224609e-01
3.442047834396362305e-01
3.443084955215454102e-01
3.444188833236694336e-01
3.446860909461975098e-01
3.447359800338745117e-01
3.447716534137725830e-01
3.447999060153961182e-01
3.449646830558776855e-01
3.450431227684020996e-01
3.450930714607238770e-01
3.451254963874816895e-01
3.452751040458679199e-01
3.456853032112121582e-01
3.458947241306304932e-01
3.459745049476623535e-01
3.460375070571899414e-01
3.461793959140777588e-01
3.465636670589447021e-01
3.466638624668121338e-01
3.476148843765258789e-01
3.476153016090393066e-01
3.476226925849914551e-01
3.477245867252349854e-01
3.477466702461242676e-01
3.477883338928222656e-01
3.478004634380340576e-01
3.481793403625488281e-01
3.483232259750366211e-01
3.485052585601806641e-01
3.486216664314270020e-01
3.487778604030609131e-01
3.488487303256988525e-01
3.490428328514099121e-01
3.496419191360473633e-01
3.497262895107269287e-01
3.497832715511322021e-01
3.502733409404754639e-01
3.503915667533874512e-01
3.504219651222229004e-01
3.504774570465087891e-01
3.505084812641143799e-01
3.509052693843841553e-01
3.509678542613983154e-01
3.510744869709014893e-01
3.515186905860900879e-01
3.519964516162872314e-01
3.520427346229553223e-01
3.521186411380767822e-01
3.531565666198730469e-01
3.533631563186645508e-01
3.538455665111541748e-01
3.541150391101837158e-01
3.542134761810302734e-01
3.546313345432281494e-01
3.547666370868682861e-01
3.548460304737091064e-01
3.549484908580780029e-01
3.551579713821411133e-01
3.551987409591674805e-01
3.553221523761749268e-01
3.554104268550872803e-01
3.561090230941772461e-01
3.563115596771240234e-01
3.568780422210693359e-01
3.569024503231048584e-01
3.571550250053405762e-01
3.572040200233459473e-01
3.572705090045928955e-01
3.573681414127349854e-01
3.574901223182678223e-01
3.575246930122375488e-01
3.576133549213409424e-01
3.579694628715515137e-01
3.581528961658477783e-01
3.581677973270416260e-01
3.582166731357574463e-01
3.582719564437866211e-01
3.586220741271972656e-01
3.586901426315307617e-01
3.590585887432098389e-01
3.593578040599822998e-01
3.603199720382690430e-01
3.608552217483520508e-01
3.608684837818145752e-01
3.613625764846801758e-01
3.615059554576873779e-01
3.616815507411956787e-01
3.619628548622131348e-01
3.619741201400756836e-01
3.622655868530273438e-01
3.624048531055450439e-01
3.626871109008789062e-01
3.628595173358917236e-01
3.632964193820953369e-01
3.632966876029968262e-01
3.635278046131134033e-01
3.636039793491363525e-01
3.636668622493743896e-01
3.637162148952484131e-01
3.639014065265655518e-01
3.641198277473449707e-01
3.642061650753021240e-01
3.645084202289581299e-01
3.647977709770202637e-01
3.650175929069519043e-01
3.654763698577880859e-01
3.655115365982055664e-01
3.658429682254791260e-01
3.659629523754119873e-01
3.666411042213439941e-01
3.667022287845611572e-01
3.674928247928619385e-01
3.675000071525573730e-01
3.679445981979370117e-01
3.684756457805633545e-01
3.685075640678405762e-01
3.687357008457183838e-01
3.689056038856506348e-01
3.694210946559906006e-01
3.700674176216125488e-01
3.702113330364227295e-01
3.706687688827514648e-01
3.715379834175109863e-01
3.716951906681060791e-01
3.720961511135101318e-01
3.721241354942321777e-01
3.722791671752929688e-01
3.723194897174835205e-01
3.729421198368072510e-01
3.732182979583740234e-01
3.732653856277465820e-01
3.735066354274749756e-01
3.735526204109191895e-01
3.743167817592620850e-01
3.745935857295989990e-01
3.754528164863586426e-01
3.755976259708404541e-01
3.756820559501647949e-01
3.757852613925933838e-01
3.760384321212768555e-01
3.761074244976043701e-01
3.763504624366760254e-01
3.768031597137451172e-01
3.768576681613922119e-01
3.769144415855407715e-01
3.772794604301452637e-01
3.772849440574645996e-01
3.773134946823120117e-01
3.776250183582305908e-01
3.779979050159454346e-01
3.782275021076202393e-01
3.783242702484130859e-01
3.785261809825897217e-01
3.785269558429718018e-01
3.785695433616638184e-01
3.788931071758270264e-01
3.790796697139739990e-01
3.791123032569885254e-01
3.793218135833740234e-01
3.794382214546203613e-01
3.796978592872619629e-01
3.798439502716064453e-01
3.804056048393249512e-01
3.805227279663085938e-01
3.806684315204620361e-01
3.807567358016967773e-01
3.808110058307647705e-01
3.808787763118743896e-01
3.814749419689178467e-01
3.817705214023590088e-01
3.818226754665374756e-01
3.826382458209991455e-01
3.828607499599456787e-01
3.833078742027282715e-01
3.836186230182647705e-01
3.838059902191162109e-01
3.842444121837615967e-01
3.843315839767456055e-01
3.851213455200195312e-01
3.851307332515716553e-01
3.853120803833007812e-01
3.860001862049102783e-01
3.860930502414703369e-01
3.861789405345916748e-01
3.863244056701660156e-01
3.864929974079132080e-01
3.865005970001220703e-01
3.869957923889160156e-01
3.869979977607727051e-01
3.871885538101196289e-01
3.871963024139404297e-01
3.874292373657226562e-01
3.875871002674102783e-01
3.876251876354217529e-01
3.883034586906433105e-01
3.886212706565856934e-01
3.887898921966552734e-01
3.894902169704437256e-01
3.900412321090698242e-01
3.901734352111816406e-01
3.903656601905822754e-01
3.904174566268920898e-01
3.905805349349975586e-01
3.906265497207641602e-01
3.909686505794525146e-01
3.913591504096984863e-01
3.914209008216857910e-01
3.915104269981384277e-01
3.923105597496032715e-01
3.931977450847625732e-01
3.934426605701446533e-01
3.934578597545623779e-01
3.936788439750671387e-01
3.941088020801544189e-01
3.944619596004486084e-01
3.945057392120361328e-01
3.945658206939697266e-01
3.948161005973815918e-01
3.953320682048797607e-01
3.954598307609558105e-01
3.956353068351745605e-01
3.957324028015136719e-01
3.958899974822998047e-01
3.960053324699401855e-01
3.967244327068328857e-01
3.971595168113708496e-01
3.972809910774230957e-01
3.975168764591217041e-01
3.986319303512573242e-01
3.991841673851013184e-01
4.003084599971771240e-01
4.004004597663879395e-01
4.004517197608947754e-01
4.004887342453002930e-01
4.008036255836486816e-01
4.010575711727142334e-01
4.013600945472717285e-01
4.014279544353485107e-01
4.016249775886535645e-01
4.020745456218719482e-01
4.024787843227386475e-01
4.025413990020751953e-01
4.028674066066741943e-01
4.028740525245666504e-01
4.033216834068298340e-01
4.033513069152832031e-01
4.034757614135742188e-01
4.043139517307281494e-01
4.046693444252014160e-01
4.047991335391998291e-01
4.049690365791320801e-01
4.050542414188385010e-01
4.053263366222381592e-01
4.063633382320404053e-01
4.064569473266601562e-01
4.067047238349914551e-01
4.067068397998809814e-01
4.067416489124298096e-01
4.069990515708923340e-01
4.077019393444061279e-01
4.081696271896362305e-01
4.082612395286560059e-01
4.086650311946868896e-01
4.088546037673950195e-01
4.089049398899078369e-01
4.094662070274353027e-01
4.096140265464782715e-01
4.096322953701019287e-01
4.099387526512145996e-01
4.101995527744293213e-01
4.104476571083068848e-01
4.106691777706146240e-01
4.110693037509918213e-01
4.126368761062622070e-01
4.128772616386413574e-01
4.132509231567382812e-01
4.139188230037689209e-01
4.142060577869415283e-01
4.149322509765625000e-01
4.150731563568115234e-01
4.155988991260528564e-01
4.156535267829895020e-01
4.156906008720397949e-01
4.159376025199890137e-01
4.167121350765228271e-01
4.170153737068176270e-01
4.178398847579956055e-01
4.188475310802459717e-01
4.191175401210784912e-01
4.192467927932739258e-01
4.194834232330322266e-01
4.195711314678192139e-01
4.204107224941253662e-01
4.217248260974884033e-01
4.219174385070800781e-01
4.222598671913146973e-01
4.226428568363189697e-01
4.230665266513824463e-01
4.236754179000854492e-01
4.237717688083648682e-01
4.243484735488891602e-01
4.245451390743255615e-01
4.245904386043548584e-01
4.257324635982513428e-01
4.262763857841491699e-01
4.268068373203277588e-01
4.271529912948608398e-01
4.271583259105682373e-01
4.272286891937255859e-01
4.272508025169372559e-01
4.272526204586029053e-01
4.276510477066040039e-01
4.277444779872894287e-01
4.280493557453155518e-01
4.296901524066925049e-01
4.298179447650909424e-01
4.311484396457672119e-01
4.317192435264587402e-01
4.320793449878692627e-01
4.329097867012023926e-01
4.331537187099456787e-01
4.336939752101898193e-01
4.339460730552673340e-01
4.339712560176849365e-01
4.339886307716369629e-01
4.347766637802124023e-01
4.354879856109619141e-01
4.364636242389678955e-01
4.369323253631591797e-01
4.376809895038604736e-01
4.386955499649047852e-01
4.401524364948272705e-01
4.405594468116760254e-01
4.410376846790313721e-01
4.414913654327392578e-01
4.415146410465240479e-01
4.416584074497222900e-01
4.418099224567413330e-01
4.419504702091217041e-01
4.421530961990356445e-01
4.422952830791473389e-01
4.437077343463897705e-01
4.449551701545715332e-01
4.453990459442138672e-01
4.458941817283630371e-01
4.474857449531555176e-01
4.481793642044067383e-01
4.482752084732055664e-01
4.484084248542785645e-01
4.486400187015533447e-01
4.503098726272583008e-01
4.503429234027862549e-01
4.504612386226654053e-01
4.510747492313385010e-01
4.512026906013488770e-01
4.514426589012145996e-01
4.523119330406188965e-01
4.524593949317932129e-01
4.526531100273132324e-01
4.531808197498321533e-01
4.537927210330963135e-01
4.539342522621154785e-01
4.550832211971282959e-01
4.565139412879943848e-01
4.569742083549499512e-01
4.570096135139465332e-01
4.582833945751190186e-01
4.584295451641082764e-01
4.589989185333251953e-01
4.594980180263519287e-01
4.605771601200103760e-01
4.606939256191253662e-01
4.632364511489868164e-01
4.643052816390991211e-01
4.643211662769317627e-01
4.647817611694335938e-01
4.652933478355407715e-01
4.653782248497009277e-01
4.681993126869201660e-01
4.692494869232177734e-01
4.696147441864013672e-01
4.698198437690734863e-01
4.702986478805541992e-01
4.704211354255676270e-01
4.711775183677673340e-01
4.738092422485351562e-01
4.738845229148864746e-01
4.755378663539886475e-01
4.756677448749542236e-01
4.763045310974121094e-01
4.767728745937347412e-01
4.815672039985656738e-01
4.820864498615264893e-01
4.825873970985412598e-01
4.836871922016143799e-01
4.856652319431304932e-01
4.867928922176361084e-01
4.875710904598236084e-01
4.894048273563385010e-01
4.965688884258270264e-01
4.972372949123382568e-01
5.005967617034912109e-01
5.012453794479370117e-01
5.014852285385131836e-01
5.027731060981750488e-01
5.031711459159851074e-01
5.038289427757263184e-01
5.051756501197814941e-01
5.082259178161621094e-01
5.094052553176879883e-01
5.098389983177185059e-01
5.114518404006958008e-01
5.122876763343811035e-01
5.135819911956787109e-01
5.147756338119506836e-01
5.149567127227783203e-01
5.188159346580505371e-01
5.244951844215393066e-01
5.263391733169555664e-01
5.266377925872802734e-01
5.280184745788574219e-01
5.283972024917602539e-01
5.290048122406005859e-01
5.297383666038513184e-01
5.349310040473937988e-01
5.356867909431457520e-01
5.357184410095214844e-01
5.365361571311950684e-01
5.383570790290832520e-01
5.388610959053039551e-01
5.394605994224548340e-01
5.416632294654846191e-01
5.428893566131591797e-01
5.451828241348266602e-01
5.455411672592163086e-01
5.538200139999389648e-01
5.600216388702392578e-01
5.668454766273498535e-01
5.715541839599609375e-01
5.759410858154296875e-01
5.810725092887878418e-01
5.836516618728637695e-01
5.839134454727172852e-01
